 v-sweep         v(drain_bias)   v(gate_bias)    id_bias         gm_approx       gds_approx      ro_approx      
 0.00000000e+00  0.00000000e+00  0.00000000e+00 -1.79159917e-42 -1.79159917e-36 -1.79159917e-36  1.00000000e+15 
 3.00000000e-01  3.00000000e-01  0.00000000e+00 -5.93930591e-13 -5.93930591e-07 -1.97976204e-12 -5.05366477e+11 
 6.00000000e-01  6.00000000e-01  0.00000000e+00 -1.90096401e-13 -1.90096401e-07 -3.16826807e-13 -3.16629234e+12 
 9.00000000e-01  9.00000000e-01  0.00000000e+00 -2.85423469e-13 -2.85423469e-07 -3.17136835e-13 -3.16318723e+12 
 1.20000000e+00  1.20000000e+00  0.00000000e+00 -4.03724763e-13 -4.03724763e-07 -3.36437022e-13 -2.98118554e+12 
 0.00000000e+00  0.00000000e+00  4.00000000e-01 -1.84177961e-42 -4.60443750e-42 -1.84177961e-36  1.00000000e+15 
 3.00000000e-01  3.00000000e-01  4.00000000e-01 -1.42796825e-08 -3.56991170e-08 -4.75987830e-08 -2.10089410e+07 
 6.00000000e-01  6.00000000e-01  4.00000000e-01 -2.26706520e-08 -5.66764882e-08 -3.77843570e-08 -2.64659798e+07 
 9.00000000e-01  9.00000000e-01  4.00000000e-01 -3.18240127e-08 -7.95598327e-08 -3.53599748e-08 -2.82805640e+07 
 1.20000000e+00  1.20000000e+00  4.00000000e-01 -4.18166187e-08 -1.04541285e-07 -3.48471532e-08 -2.86967496e+07 
 0.00000000e+00  0.00000000e+00  8.00000000e-01 -1.89196004e-42 -2.36494710e-42 -1.89196004e-36  1.00000000e+15 
 3.00000000e-01  3.00000000e-01  8.00000000e-01 -1.40139255e-04 -1.75173850e-04 -4.67129293e-04 -2.14073494e+03 
 6.00000000e-01  6.00000000e-01  8.00000000e-01 -1.80564143e-04 -2.25704897e-04 -3.00939737e-04 -3.32292442e+03 
 9.00000000e-01  9.00000000e-01  8.00000000e-01 -2.18241551e-04 -2.72801598e-04 -2.42490343e-04 -4.12387557e+03 
 1.20000000e+00  1.20000000e+00  8.00000000e-01 -2.55304367e-04 -3.19130060e-04 -2.12753462e-04 -4.70027604e+03 
 0.00000000e+00  0.00000000e+00  1.20000000e+00 -1.94214048e-42 -1.61844905e-42 -1.94214048e-36  1.00000000e+15 
 3.00000000e-01  3.00000000e-01  1.20000000e+00 -1.40081197e-03 -1.16734233e-03 -4.66935766e-03 -2.14162220e+02 
 6.00000000e-01  6.00000000e-01  1.20000000e+00 -1.64942275e-03 -1.37451781e-03 -2.74903333e-03 -3.63764233e+02 
 9.00000000e-01  9.00000000e-01  1.20000000e+00 -1.80047074e-03 -1.50039104e-03 -2.00052083e-03 -4.99869827e+02 
 1.20000000e+00  1.20000000e+00  1.20000000e+00 -1.92956662e-03 -1.60797084e-03 -1.60797084e-03 -6.21901825e+02 
