 v-sweep         v(gate_iv)      v(drain_iv)     id_log         
 0.00000000e+00  0.00000000e+00  5.00000000e-02 -1.32713719e+01 
 1.00000000e-02  1.00000000e-02  5.00000000e-02 -1.31727576e+01 
 2.00000000e-02  2.00000000e-02  5.00000000e-02 -1.30415957e+01 
 3.00000000e-02  3.00000000e-02  5.00000000e-02 -1.29217228e+01 
 4.00000000e-02  4.00000000e-02  5.00000000e-02 -1.27994823e+01 
 5.00000000e-02  5.00000000e-02  5.00000000e-02 -1.26754239e+01 
 6.00000000e-02  6.00000000e-02  5.00000000e-02 -1.25499816e+01 
 7.00000000e-02  7.00000000e-02  5.00000000e-02 -1.24234930e+01 
 8.00000000e-02  8.00000000e-02  5.00000000e-02 -1.22962172e+01 
 9.00000000e-02  9.00000000e-02  5.00000000e-02 -1.21683521e+01 
 1.00000000e-01  1.00000000e-01  5.00000000e-02 -1.20400471e+01 
 1.10000000e-01  1.10000000e-01  5.00000000e-02 -1.19114150e+01 
 1.20000000e-01  1.20000000e-01  5.00000000e-02 -1.17825407e+01 
 1.30000000e-01  1.30000000e-01  5.00000000e-02 -1.16534876e+01 
 1.40000000e-01  1.40000000e-01  5.00000000e-02 -1.15243037e+01 
 1.50000000e-01  1.50000000e-01  5.00000000e-02 -1.13950247e+01 
 1.60000000e-01  1.60000000e-01  5.00000000e-02 -1.12656778e+01 
 1.70000000e-01  1.70000000e-01  5.00000000e-02 -1.11362836e+01 
 1.80000000e-01  1.80000000e-01  5.00000000e-02 -1.10068578e+01 
 1.90000000e-01  1.90000000e-01  5.00000000e-02 -1.08774128e+01 
 2.00000000e-01  2.00000000e-01  5.00000000e-02 -1.07479583e+01 
 2.10000000e-01  2.10000000e-01  5.00000000e-02 -1.06185025e+01 
 2.20000000e-01  2.20000000e-01  5.00000000e-02 -1.04890522e+01 
 2.30000000e-01  2.30000000e-01  5.00000000e-02 -1.03596136e+01 
 2.40000000e-01  2.40000000e-01  5.00000000e-02 -1.02301924e+01 
 2.50000000e-01  2.50000000e-01  5.00000000e-02 -1.01007943e+01 
 2.60000000e-01  2.60000000e-01  5.00000000e-02 -9.97142519e+00 
 2.70000000e-01  2.70000000e-01  5.00000000e-02 -9.84209121e+00 
 2.80000000e-01  2.80000000e-01  5.00000000e-02 -9.71279917e+00 
 2.90000000e-01  2.90000000e-01  5.00000000e-02 -9.58355660e+00 
 3.00000000e-01  3.00000000e-01  5.00000000e-02 -9.45437198e+00 
 3.10000000e-01  3.10000000e-01  5.00000000e-02 -9.32525496e+00 
 3.20000000e-01  3.20000000e-01  5.00000000e-02 -9.19621656e+00 
 3.30000000e-01  3.30000000e-01  5.00000000e-02 -9.06726941e+00 
 3.40000000e-01  3.40000000e-01  5.00000000e-02 -8.93842800e+00 
 3.50000000e-01  3.50000000e-01  5.00000000e-02 -8.80970896e+00 
 3.60000000e-01  3.60000000e-01  5.00000000e-02 -8.68113142e+00 
 3.70000000e-01  3.70000000e-01  5.00000000e-02 -8.55271728e+00 
 3.80000000e-01  3.80000000e-01  5.00000000e-02 -8.42449168e+00 
 3.90000000e-01  3.90000000e-01  5.00000000e-02 -8.29648333e+00 
 4.00000000e-01  4.00000000e-01  5.00000000e-02 -8.16872503e+00 
 4.10000000e-01  4.10000000e-01  5.00000000e-02 -8.04125413e+00 
 4.20000000e-01  4.20000000e-01  5.00000000e-02 -7.91411303e+00 
 4.30000000e-01  4.30000000e-01  5.00000000e-02 -7.78734966e+00 
 4.40000000e-01  4.40000000e-01  5.00000000e-02 -7.66101807e+00 
 4.50000000e-01  4.50000000e-01  5.00000000e-02 -7.53517881e+00 
 4.60000000e-01  4.60000000e-01  5.00000000e-02 -7.40989943e+00 
 4.70000000e-01  4.70000000e-01  5.00000000e-02 -7.28525475e+00 
 4.80000000e-01  4.80000000e-01  5.00000000e-02 -7.16132709e+00 
 4.90000000e-01  4.90000000e-01  5.00000000e-02 -7.03820618e+00 
 5.00000000e-01  5.00000000e-01  5.00000000e-02 -6.91598892e+00 
 5.10000000e-01  5.10000000e-01  5.00000000e-02 -6.79477878e+00 
 5.20000000e-01  5.20000000e-01  5.00000000e-02 -6.67468479e+00 
 5.30000000e-01  5.30000000e-01  5.00000000e-02 -6.55582019e+00 
 5.40000000e-01  5.40000000e-01  5.00000000e-02 -6.43830065e+00 
 5.50000000e-01  5.50000000e-01  5.00000000e-02 -6.32224217e+00 
 5.60000000e-01  5.60000000e-01  5.00000000e-02 -6.20775871e+00 
 5.70000000e-01  5.70000000e-01  5.00000000e-02 -6.09495996e+00 
 5.80000000e-01  5.80000000e-01  5.00000000e-02 -5.98394926e+00 
 5.90000000e-01  5.90000000e-01  5.00000000e-02 -5.87482239e+00 
 6.00000000e-01  6.00000000e-01  5.00000000e-02 -5.76766729e+00 
 6.10000000e-01  6.10000000e-01  5.00000000e-02 -5.66256531e+00 
 6.20000000e-01  6.20000000e-01  5.00000000e-02 -5.55959399e+00 
 6.30000000e-01  6.30000000e-01  5.00000000e-02 -5.45883136e+00 
 6.40000000e-01  6.40000000e-01  5.00000000e-02 -5.36036115e+00 
 6.50000000e-01  6.50000000e-01  5.00000000e-02 -5.26427827e+00 
 6.60000000e-01  6.60000000e-01  5.00000000e-02 -5.17069317e+00 
 6.70000000e-01  6.70000000e-01  5.00000000e-02 -5.07973403e+00 
 6.80000000e-01  6.80000000e-01  5.00000000e-02 -4.99154567e+00 
 6.90000000e-01  6.90000000e-01  5.00000000e-02 -4.90628457e+00 
 7.00000000e-01  7.00000000e-01  5.00000000e-02 -4.82411046e+00 
 7.10000000e-01  7.10000000e-01  5.00000000e-02 -4.74517515e+00 
 7.20000000e-01  7.20000000e-01  5.00000000e-02 -4.66961052e+00 
 7.30000000e-01  7.30000000e-01  5.00000000e-02 -4.59751755e+00 
 7.40000000e-01  7.40000000e-01  5.00000000e-02 -4.52895795e+00 
 7.50000000e-01  7.50000000e-01  5.00000000e-02 -4.46394967e+00 
 7.60000000e-01  7.60000000e-01  5.00000000e-02 -4.40246644e+00 
 7.70000000e-01  7.70000000e-01  5.00000000e-02 -4.34444085e+00 
 7.80000000e-01  7.80000000e-01  5.00000000e-02 -4.28977012e+00 
 7.90000000e-01  7.90000000e-01  5.00000000e-02 -4.23832312e+00 
 8.00000000e-01  8.00000000e-01  5.00000000e-02 -4.18994797e+00 
 8.10000000e-01  8.10000000e-01  5.00000000e-02 -4.14447915e+00 
 8.20000000e-01  8.20000000e-01  5.00000000e-02 -4.10174374e+00 
 8.30000000e-01  8.30000000e-01  5.00000000e-02 -4.06156668e+00 
 8.40000000e-01  8.40000000e-01  5.00000000e-02 -4.02377480e+00 
 8.50000000e-01  8.50000000e-01  5.00000000e-02 -3.98819991e+00 
 8.60000000e-01  8.60000000e-01  5.00000000e-02 -3.95468091e+00 
 8.70000000e-01  8.70000000e-01  5.00000000e-02 -3.92306524e+00 
 8.80000000e-01  8.80000000e-01  5.00000000e-02 -3.89320965e+00 
 8.90000000e-01  8.90000000e-01  5.00000000e-02 -3.86498063e+00 
 9.00000000e-01  9.00000000e-01  5.00000000e-02 -3.83825438e+00 
 9.10000000e-01  9.10000000e-01  5.00000000e-02 -3.81291666e+00 
 9.20000000e-01  9.20000000e-01  5.00000000e-02 -3.78886237e+00 
 9.30000000e-01  9.30000000e-01  5.00000000e-02 -3.76599512e+00 
 9.40000000e-01  9.40000000e-01  5.00000000e-02 -3.74422665e+00 
 9.50000000e-01  9.50000000e-01  5.00000000e-02 -3.72347625e+00 
 9.60000000e-01  9.60000000e-01  5.00000000e-02 -3.70367023e+00 
 9.70000000e-01  9.70000000e-01  5.00000000e-02 -3.68474132e+00 
 9.80000000e-01  9.80000000e-01  5.00000000e-02 -3.66662812e+00 
 9.90000000e-01  9.90000000e-01  5.00000000e-02 -3.64927459e+00 
 1.00000000e+00  1.00000000e+00  5.00000000e-02 -3.63262958e+00 
 1.01000000e+00  1.01000000e+00  5.00000000e-02 -3.61664636e+00 
 1.02000000e+00  1.02000000e+00  5.00000000e-02 -3.60128223e+00 
 1.03000000e+00  1.03000000e+00  5.00000000e-02 -3.58649811e+00 
 1.04000000e+00  1.04000000e+00  5.00000000e-02 -3.57225823e+00 
 1.05000000e+00  1.05000000e+00  5.00000000e-02 -3.55852980e+00 
 1.06000000e+00  1.06000000e+00  5.00000000e-02 -3.54528272e+00 
 1.07000000e+00  1.07000000e+00  5.00000000e-02 -3.53248933e+00 
 1.08000000e+00  1.08000000e+00  5.00000000e-02 -3.52012420e+00 
 1.09000000e+00  1.09000000e+00  5.00000000e-02 -3.50816389e+00 
 1.10000000e+00  1.10000000e+00  5.00000000e-02 -3.49658678e+00 
 1.11000000e+00  1.11000000e+00  5.00000000e-02 -3.48537289e+00 
 1.12000000e+00  1.12000000e+00  5.00000000e-02 -3.47450375e+00 
 1.13000000e+00  1.13000000e+00  5.00000000e-02 -3.46396224e+00 
 1.14000000e+00  1.14000000e+00  5.00000000e-02 -3.45373246e+00 
 1.15000000e+00  1.15000000e+00  5.00000000e-02 -3.44379968e+00 
 1.16000000e+00  1.16000000e+00  5.00000000e-02 -3.43415016e+00 
 1.17000000e+00  1.17000000e+00  5.00000000e-02 -3.42477111e+00 
 1.18000000e+00  1.18000000e+00  5.00000000e-02 -3.41565060e+00 
 1.19000000e+00  1.19000000e+00  5.00000000e-02 -3.40677748e+00 
 1.20000000e+00  1.20000000e+00  5.00000000e-02 -3.39814132e+00 
 0.00000000e+00  0.00000000e+00  3.50000000e-01 -1.29014053e+01 
 1.00000000e-02  1.00000000e-02  3.50000000e-01 -1.27969817e+01 
 2.00000000e-02  2.00000000e-02  3.50000000e-01 -1.26604055e+01 
 3.00000000e-02  3.00000000e-02  3.50000000e-01 -1.25370541e+01 
 4.00000000e-02  4.00000000e-02  3.50000000e-01 -1.24123864e+01 
 5.00000000e-02  5.00000000e-02  3.50000000e-01 -1.22867218e+01 
 6.00000000e-02  6.00000000e-02  3.50000000e-01 -1.21603061e+01 
 7.00000000e-02  7.00000000e-02  3.50000000e-01 -1.20333267e+01 
 8.00000000e-02  8.00000000e-02  3.50000000e-01 -1.19059256e+01 
 9.00000000e-02  9.00000000e-02  3.50000000e-01 -1.17782101e+01 
 1.00000000e-01  1.00000000e-01  3.50000000e-01 -1.16502609e+01 
 1.10000000e-01  1.10000000e-01  3.50000000e-01 -1.15221386e+01 
 1.20000000e-01  1.20000000e-01  3.50000000e-01 -1.13938888e+01 
 1.30000000e-01  1.30000000e-01  3.50000000e-01 -1.12655457e+01 
 1.40000000e-01  1.40000000e-01  3.50000000e-01 -1.11371353e+01 
 1.50000000e-01  1.50000000e-01  3.50000000e-01 -1.10086770e+01 
 1.60000000e-01  1.60000000e-01  3.50000000e-01 -1.08801858e+01 
 1.70000000e-01  1.70000000e-01  3.50000000e-01 -1.07516734e+01 
 1.80000000e-01  1.80000000e-01  3.50000000e-01 -1.06231486e+01 
 1.90000000e-01  1.90000000e-01  3.50000000e-01 -1.04946191e+01 
 2.00000000e-01  2.00000000e-01  3.50000000e-01 -1.03660908e+01 
 2.10000000e-01  2.10000000e-01  3.50000000e-01 -1.02375691e+01 
 2.20000000e-01  2.20000000e-01  3.50000000e-01 -1.01090589e+01 
 2.30000000e-01  2.30000000e-01  3.50000000e-01 -9.98056481e+00 
 2.40000000e-01  2.40000000e-01  3.50000000e-01 -9.85209158e+00 
 2.50000000e-01  2.50000000e-01  3.50000000e-01 -9.72364403e+00 
 2.60000000e-01  2.60000000e-01  3.50000000e-01 -9.59522741e+00 
 2.70000000e-01  2.70000000e-01  3.50000000e-01 -9.46684748e+00 
 2.80000000e-01  2.80000000e-01  3.50000000e-01 -9.33851066e+00 
 2.90000000e-01  2.90000000e-01  3.50000000e-01 -9.21022424e+00 
 3.00000000e-01  3.00000000e-01  3.50000000e-01 -9.08199650e+00 
 3.10000000e-01  3.10000000e-01  3.50000000e-01 -8.95383694e+00 
 3.20000000e-01  3.20000000e-01  3.50000000e-01 -8.82575643e+00 
 3.30000000e-01  3.30000000e-01  3.50000000e-01 -8.69776748e+00 
 3.40000000e-01  3.40000000e-01  3.50000000e-01 -8.56988446e+00 
 3.50000000e-01  3.50000000e-01  3.50000000e-01 -8.44212389e+00 
 3.60000000e-01  3.60000000e-01  3.50000000e-01 -8.31450476e+00 
 3.70000000e-01  3.70000000e-01  3.50000000e-01 -8.18704886e+00 
 3.80000000e-01  3.80000000e-01  3.50000000e-01 -8.05978117e+00 
 3.90000000e-01  3.90000000e-01  3.50000000e-01 -7.93273028e+00 
 4.00000000e-01  4.00000000e-01  3.50000000e-01 -7.80592887e+00 
 4.10000000e-01  4.10000000e-01  3.50000000e-01 -7.67941417e+00 
 4.20000000e-01  4.20000000e-01  3.50000000e-01 -7.55322852e+00 
 4.30000000e-01  4.30000000e-01  3.50000000e-01 -7.42741988e+00 
 4.40000000e-01  4.40000000e-01  3.50000000e-01 -7.30204244e+00 
 4.50000000e-01  4.50000000e-01  3.50000000e-01 -7.17715712e+00 
 4.60000000e-01  4.60000000e-01  3.50000000e-01 -7.05283210e+00 
 4.70000000e-01  4.70000000e-01  3.50000000e-01 -6.92914328e+00 
 4.80000000e-01  4.80000000e-01  3.50000000e-01 -6.80617459e+00 
 4.90000000e-01  4.90000000e-01  3.50000000e-01 -6.68401817e+00 
 5.00000000e-01  5.00000000e-01  3.50000000e-01 -6.56277435e+00 
 5.10000000e-01  5.10000000e-01  3.50000000e-01 -6.44255128e+00 
 5.20000000e-01  5.20000000e-01  3.50000000e-01 -6.32346427e+00 
 5.30000000e-01  5.30000000e-01  3.50000000e-01 -6.20563473e+00 
 5.40000000e-01  5.40000000e-01  3.50000000e-01 -6.08918858e+00 
 5.50000000e-01  5.50000000e-01  3.50000000e-01 -5.97425436e+00 
 5.60000000e-01  5.60000000e-01  3.50000000e-01 -5.86096071e+00 
 5.70000000e-01  5.70000000e-01  3.50000000e-01 -5.74943370e+00 
 5.80000000e-01  5.80000000e-01  3.50000000e-01 -5.63979386e+00 
 5.90000000e-01  5.90000000e-01  3.50000000e-01 -5.53215330e+00 
 6.00000000e-01  6.00000000e-01  3.50000000e-01 -5.42661313e+00 
 6.10000000e-01  6.10000000e-01  3.50000000e-01 -5.32326156e+00 
 6.20000000e-01  6.20000000e-01  3.50000000e-01 -5.22217281e+00 
 6.30000000e-01  6.30000000e-01  3.50000000e-01 -5.12340722e+00 
 6.40000000e-01  6.40000000e-01  3.50000000e-01 -5.02701256e+00 
 6.50000000e-01  6.50000000e-01  3.50000000e-01 -4.93302630e+00 
 6.60000000e-01  6.60000000e-01  3.50000000e-01 -4.84147886e+00 
 6.70000000e-01  6.70000000e-01  3.50000000e-01 -4.75239700e+00 
 6.80000000e-01  6.80000000e-01  3.50000000e-01 -4.66580712e+00 
 6.90000000e-01  6.90000000e-01  3.50000000e-01 -4.58173771e+00 
 7.00000000e-01  7.00000000e-01  3.50000000e-01 -4.50022063e+00 
 7.10000000e-01  7.10000000e-01  3.50000000e-01 -4.42129101e+00 
 7.20000000e-01  7.20000000e-01  3.50000000e-01 -4.34498567e+00 
 7.30000000e-01  7.30000000e-01  3.50000000e-01 -4.27134048e+00 
 7.40000000e-01  7.40000000e-01  3.50000000e-01 -4.20038692e+00 
 7.50000000e-01  7.50000000e-01  3.50000000e-01 -4.13214849e+00 
 7.60000000e-01  7.60000000e-01  3.50000000e-01 -4.06663734e+00 
 7.70000000e-01  7.70000000e-01  3.50000000e-01 -4.00385166e+00 
 7.80000000e-01  7.80000000e-01  3.50000000e-01 -3.94377391e+00 
 7.90000000e-01  7.90000000e-01  3.50000000e-01 -3.88637012e+00 
 8.00000000e-01  8.00000000e-01  3.50000000e-01 -3.83159027e+00 
 8.10000000e-01  8.10000000e-01  3.50000000e-01 -3.77936936e+00 
 8.20000000e-01  8.20000000e-01  3.50000000e-01 -3.72962930e+00 
 8.30000000e-01  8.30000000e-01  3.50000000e-01 -3.68228110e+00 
 8.40000000e-01  8.40000000e-01  3.50000000e-01 -3.63722729e+00 
 8.50000000e-01  8.50000000e-01  3.50000000e-01 -3.59436441e+00 
 8.60000000e-01  8.60000000e-01  3.50000000e-01 -3.55358528e+00 
 8.70000000e-01  8.70000000e-01  3.50000000e-01 -3.51478111e+00 
 8.80000000e-01  8.80000000e-01  3.50000000e-01 -3.47784327e+00 
 8.90000000e-01  8.90000000e-01  3.50000000e-01 -3.44266484e+00 
 9.00000000e-01  9.00000000e-01  3.50000000e-01 -3.40914172e+00 
 9.10000000e-01  9.10000000e-01  3.50000000e-01 -3.37717358e+00 
 9.20000000e-01  9.20000000e-01  3.50000000e-01 -3.34666447e+00 
 9.30000000e-01  9.30000000e-01  3.50000000e-01 -3.31752329e+00 
 9.40000000e-01  9.40000000e-01  3.50000000e-01 -3.28966395e+00 
 9.50000000e-01  9.50000000e-01  3.50000000e-01 -3.26300555e+00 
 9.60000000e-01  9.60000000e-01  3.50000000e-01 -3.23747228e+00 
 9.70000000e-01  9.70000000e-01  3.50000000e-01 -3.21299339e+00 
 9.80000000e-01  9.80000000e-01  3.50000000e-01 -3.18950294e+00 
 9.90000000e-01  9.90000000e-01  3.50000000e-01 -3.16693964e+00 
 1.00000000e+00  1.00000000e+00  3.50000000e-01 -3.14524658e+00 
 1.01000000e+00  1.01000000e+00  3.50000000e-01 -3.12437096e+00 
 1.02000000e+00  1.02000000e+00  3.50000000e-01 -3.10426388e+00 
 1.03000000e+00  1.03000000e+00  3.50000000e-01 -3.08487999e+00 
 1.04000000e+00  1.04000000e+00  3.50000000e-01 -3.06617731e+00 
 1.05000000e+00  1.05000000e+00  3.50000000e-01 -3.04811693e+00 
 1.06000000e+00  1.06000000e+00  3.50000000e-01 -3.03066280e+00 
 1.07000000e+00  1.07000000e+00  3.50000000e-01 -3.01378151e+00 
 1.08000000e+00  1.08000000e+00  3.50000000e-01 -2.99744205e+00 
 1.09000000e+00  1.09000000e+00  3.50000000e-01 -2.98161565e+00 
 1.10000000e+00  1.10000000e+00  3.50000000e-01 -2.96627557e+00 
 1.11000000e+00  1.11000000e+00  3.50000000e-01 -2.95139697e+00 
 1.12000000e+00  1.12000000e+00  3.50000000e-01 -2.93695674e+00 
 1.13000000e+00  1.13000000e+00  3.50000000e-01 -2.92293332e+00 
 1.14000000e+00  1.14000000e+00  3.50000000e-01 -2.90930666e+00 
 1.15000000e+00  1.15000000e+00  3.50000000e-01 -2.89605802e+00 
 1.16000000e+00  1.16000000e+00  3.50000000e-01 -2.88316989e+00 
 1.17000000e+00  1.17000000e+00  3.50000000e-01 -2.87062594e+00 
 1.18000000e+00  1.18000000e+00  3.50000000e-01 -2.85841083e+00 
 1.19000000e+00  1.19000000e+00  3.50000000e-01 -2.84651021e+00 
 1.20000000e+00  1.20000000e+00  3.50000000e-01 -2.83491065e+00 
 0.00000000e+00  0.00000000e+00  6.50000000e-01 -1.26892058e+01 
 1.00000000e-02  1.00000000e-02  6.50000000e-01 -1.25824131e+01 
 2.00000000e-02  2.00000000e-02  6.50000000e-01 -1.24439437e+01 
 3.00000000e-02  3.00000000e-02  6.50000000e-01 -1.23195157e+01 
 4.00000000e-02  4.00000000e-02  6.50000000e-01 -1.21942677e+01 
 5.00000000e-02  5.00000000e-02  6.50000000e-01 -1.20684020e+01 
 6.00000000e-02  6.00000000e-02  6.50000000e-01 -1.19420726e+01 
 7.00000000e-02  7.00000000e-02  6.50000000e-01 -1.18153962e+01 
 8.00000000e-02  8.00000000e-02  6.50000000e-01 -1.16884608e+01 
 9.00000000e-02  9.00000000e-02  6.50000000e-01 -1.15613326e+01 
 1.00000000e-01  1.00000000e-01  6.50000000e-01 -1.14340616e+01 
 1.10000000e-01  1.10000000e-01  6.50000000e-01 -1.13066852e+01 
 1.20000000e-01  1.20000000e-01  6.50000000e-01 -1.11792316e+01 
 1.30000000e-01  1.30000000e-01  6.50000000e-01 -1.10517223e+01 
 1.40000000e-01  1.40000000e-01  6.50000000e-01 -1.09241734e+01 
 1.50000000e-01  1.50000000e-01  6.50000000e-01 -1.07965975e+01 
 1.60000000e-01  1.60000000e-01  6.50000000e-01 -1.06690040e+01 
 1.70000000e-01  1.70000000e-01  6.50000000e-01 -1.05414008e+01 
 1.80000000e-01  1.80000000e-01  6.50000000e-01 -1.04137938e+01 
 1.90000000e-01  1.90000000e-01  6.50000000e-01 -1.02861884e+01 
 2.00000000e-01  2.00000000e-01  6.50000000e-01 -1.01585891e+01 
 2.10000000e-01  2.10000000e-01  6.50000000e-01 -1.00310000e+01 
 2.20000000e-01  2.20000000e-01  6.50000000e-01 -9.90342507e+00 
 2.30000000e-01  2.30000000e-01  6.50000000e-01 -9.77586843e+00 
 2.40000000e-01  2.40000000e-01  6.50000000e-01 -9.64833424e+00 
 2.50000000e-01  2.50000000e-01  6.50000000e-01 -9.52082699e+00 
 2.60000000e-01  2.60000000e-01  6.50000000e-01 -9.39335168e+00 
 2.70000000e-01  2.70000000e-01  6.50000000e-01 -9.26591385e+00 
 2.80000000e-01  2.80000000e-01  6.50000000e-01 -9.13851979e+00 
 2.90000000e-01  2.90000000e-01  6.50000000e-01 -9.01117665e+00 
 3.00000000e-01  3.00000000e-01  6.50000000e-01 -8.88389263e+00 
 3.10000000e-01  3.10000000e-01  6.50000000e-01 -8.75667711e+00 
 3.20000000e-01  3.20000000e-01  6.50000000e-01 -8.62954090e+00 
 3.30000000e-01  3.30000000e-01  6.50000000e-01 -8.50249640e+00 
 3.40000000e-01  3.40000000e-01  6.50000000e-01 -8.37555789e+00 
 3.50000000e-01  3.50000000e-01  6.50000000e-01 -8.24874178e+00 
 3.60000000e-01  3.60000000e-01  6.50000000e-01 -8.12206691e+00 
 3.70000000e-01  3.70000000e-01  6.50000000e-01 -7.99555495e+00 
 3.80000000e-01  3.80000000e-01  6.50000000e-01 -7.86923071e+00 
 3.90000000e-01  3.90000000e-01  6.50000000e-01 -7.74312259e+00 
 4.00000000e-01  4.00000000e-01  6.50000000e-01 -7.61726307e+00 
 4.10000000e-01  4.10000000e-01  6.50000000e-01 -7.49168919e+00 
 4.20000000e-01  4.20000000e-01  6.50000000e-01 -7.36644308e+00 
 4.30000000e-01  4.30000000e-01  6.50000000e-01 -7.24157257e+00 
 4.40000000e-01  4.40000000e-01  6.50000000e-01 -7.11713172e+00 
 4.50000000e-01  4.50000000e-01  6.50000000e-01 -6.99318150e+00 
 4.60000000e-01  4.60000000e-01  6.50000000e-01 -6.86979029e+00 
 4.70000000e-01  4.70000000e-01  6.50000000e-01 -6.74703448e+00 
 4.80000000e-01  4.80000000e-01  6.50000000e-01 -6.62499888e+00 
 4.90000000e-01  4.90000000e-01  6.50000000e-01 -6.50377709e+00 
 5.00000000e-01  5.00000000e-01  6.50000000e-01 -6.38347164e+00 
 5.10000000e-01  5.10000000e-01  6.50000000e-01 -6.26419390e+00 
 5.20000000e-01  5.20000000e-01  6.50000000e-01 -6.14606370e+00 
 5.30000000e-01  5.30000000e-01  6.50000000e-01 -6.02920859e+00 
 5.40000000e-01  5.40000000e-01  6.50000000e-01 -5.91376266e+00 
 5.50000000e-01  5.50000000e-01  6.50000000e-01 -5.79986495e+00 
 5.60000000e-01  5.60000000e-01  6.50000000e-01 -5.68765730e+00 
 5.70000000e-01  5.70000000e-01  6.50000000e-01 -5.57728190e+00 
 5.80000000e-01  5.80000000e-01  6.50000000e-01 -5.46887844e+00 
 5.90000000e-01  5.90000000e-01  6.50000000e-01 -5.36258105e+00 
 6.00000000e-01  6.00000000e-01  6.50000000e-01 -5.25851525e+00 
 6.10000000e-01  6.10000000e-01  6.50000000e-01 -5.15679524e+00 
 6.20000000e-01  6.20000000e-01  6.50000000e-01 -5.05752150e+00 
 6.30000000e-01  6.30000000e-01  6.50000000e-01 -4.96077935e+00 
 6.40000000e-01  6.40000000e-01  6.50000000e-01 -4.86663819e+00 
 6.50000000e-01  6.50000000e-01  6.50000000e-01 -4.77515185e+00 
 6.60000000e-01  6.60000000e-01  6.50000000e-01 -4.68635971e+00 
 6.70000000e-01  6.70000000e-01  6.50000000e-01 -4.60028864e+00 
 6.80000000e-01  6.80000000e-01  6.50000000e-01 -4.51695519e+00 
 6.90000000e-01  6.90000000e-01  6.50000000e-01 -4.43636789e+00 
 7.00000000e-01  7.00000000e-01  6.50000000e-01 -4.35852924e+00 
 7.10000000e-01  7.10000000e-01  6.50000000e-01 -4.28343705e+00 
 7.20000000e-01  7.20000000e-01  6.50000000e-01 -4.21108507e+00 
 7.30000000e-01  7.30000000e-01  6.50000000e-01 -4.14146284e+00 
 7.40000000e-01  7.40000000e-01  6.50000000e-01 -4.07455496e+00 
 7.50000000e-01  7.50000000e-01  6.50000000e-01 -4.01033985e+00 
 7.60000000e-01  7.60000000e-01  6.50000000e-01 -3.94878846e+00 
 7.70000000e-01  7.70000000e-01  6.50000000e-01 -3.88986310e+00 
 7.80000000e-01  7.80000000e-01  6.50000000e-01 -3.83351655e+00 
 7.90000000e-01  7.90000000e-01  6.50000000e-01 -3.77969172e+00 
 8.00000000e-01  8.00000000e-01  6.50000000e-01 -3.72832183e+00 
 8.10000000e-01  8.10000000e-01  6.50000000e-01 -3.67933104e+00 
 8.20000000e-01  8.20000000e-01  6.50000000e-01 -3.63263562e+00 
 8.30000000e-01  8.30000000e-01  6.50000000e-01 -3.58814530e+00 
 8.40000000e-01  8.40000000e-01  6.50000000e-01 -3.54576486e+00 
 8.50000000e-01  8.50000000e-01  6.50000000e-01 -3.50539577e+00 
 8.60000000e-01  8.60000000e-01  6.50000000e-01 -3.46693778e+00 
 8.70000000e-01  8.70000000e-01  6.50000000e-01 -3.43029035e+00 
 8.80000000e-01  8.80000000e-01  6.50000000e-01 -3.39535395e+00 
 8.90000000e-01  8.90000000e-01  6.50000000e-01 -3.36203114e+00 
 9.00000000e-01  9.00000000e-01  6.50000000e-01 -3.33022741e+00 
 9.10000000e-01  9.10000000e-01  6.50000000e-01 -3.29985186e+00 
 9.20000000e-01  9.20000000e-01  6.50000000e-01 -3.27081767e+00 
 9.30000000e-01  9.30000000e-01  6.50000000e-01 -3.24304241e+00 
 9.40000000e-01  9.40000000e-01  6.50000000e-01 -3.21644821e+00 
 9.50000000e-01  9.50000000e-01  6.50000000e-01 -3.19096182e+00 
 9.60000000e-01  9.60000000e-01  6.50000000e-01 -3.16651454e+00 
 9.70000000e-01  9.70000000e-01  6.50000000e-01 -3.14304219e+00 
 9.80000000e-01  9.80000000e-01  6.50000000e-01 -3.12048489e+00 
 9.90000000e-01  9.90000000e-01  6.50000000e-01 -3.09878690e+00 
 1.00000000e+00  1.00000000e+00  6.50000000e-01 -3.07789638e+00 
 1.01000000e+00  1.01000000e+00  6.50000000e-01 -3.05776520e+00 
 1.02000000e+00  1.02000000e+00  6.50000000e-01 -3.03834868e+00 
 1.03000000e+00  1.03000000e+00  6.50000000e-01 -3.01960536e+00 
 1.04000000e+00  1.04000000e+00  6.50000000e-01 -3.00149679e+00 
 1.05000000e+00  1.05000000e+00  6.50000000e-01 -2.98398728e+00 
 1.06000000e+00  1.06000000e+00  6.50000000e-01 -2.96704373e+00 
 1.07000000e+00  1.07000000e+00  6.50000000e-01 -2.95063540e+00 
 1.08000000e+00  1.08000000e+00  6.50000000e-01 -2.93473374e+00 
 1.09000000e+00  1.09000000e+00  6.50000000e-01 -2.91931222e+00 
 1.10000000e+00  1.10000000e+00  6.50000000e-01 -2.90434616e+00 
 1.11000000e+00  1.11000000e+00  6.50000000e-01 -2.88981257e+00 
 1.12000000e+00  1.12000000e+00  6.50000000e-01 -2.87569007e+00 
 1.13000000e+00  1.13000000e+00  6.50000000e-01 -2.86195868e+00 
 1.14000000e+00  1.14000000e+00  6.50000000e-01 -2.84859978e+00 
 1.15000000e+00  1.15000000e+00  6.50000000e-01 -2.83559596e+00 
 1.16000000e+00  1.16000000e+00  6.50000000e-01 -2.82293094e+00 
 1.17000000e+00  1.17000000e+00  6.50000000e-01 -2.81058947e+00 
 1.18000000e+00  1.18000000e+00  6.50000000e-01 -2.79855728e+00 
 1.19000000e+00  1.19000000e+00  6.50000000e-01 -2.78682095e+00 
 1.20000000e+00  1.20000000e+00  6.50000000e-01 -2.77536790e+00 
 0.00000000e+00  0.00000000e+00  9.50000000e-01 -1.25179242e+01 
 1.00000000e-02  1.00000000e-02  9.50000000e-01 -1.24102350e+01 
 2.00000000e-02  2.00000000e-02  9.50000000e-01 -1.22713303e+01 
 3.00000000e-02  3.00000000e-02  9.50000000e-01 -1.21467962e+01 
 4.00000000e-02  4.00000000e-02  9.50000000e-01 -1.20217003e+01 
 5.00000000e-02  5.00000000e-02  9.50000000e-01 -1.18961820e+01 
 6.00000000e-02  6.00000000e-02  9.50000000e-01 -1.17703471e+01 
 7.00000000e-02  7.00000000e-02  9.50000000e-01 -1.16442754e+01 
 8.00000000e-02  8.00000000e-02  9.50000000e-01 -1.15180272e+01 
 9.00000000e-02  9.00000000e-02  9.50000000e-01 -1.13916478e+01 
 1.00000000e-01  1.00000000e-01  9.50000000e-01 -1.12651714e+01 
 1.10000000e-01  1.10000000e-01  9.50000000e-01 -1.11386238e+01 
 1.20000000e-01  1.20000000e-01  9.50000000e-01 -1.10120246e+01 
 1.30000000e-01  1.30000000e-01  9.50000000e-01 -1.08853885e+01 
 1.40000000e-01  1.40000000e-01  9.50000000e-01 -1.07587270e+01 
 1.50000000e-01  1.50000000e-01  9.50000000e-01 -1.06320489e+01 
 1.60000000e-01  1.60000000e-01  9.50000000e-01 -1.05053612e+01 
 1.70000000e-01  1.70000000e-01  9.50000000e-01 -1.03786696e+01 
 1.80000000e-01  1.80000000e-01  9.50000000e-01 -1.02519786e+01 
 1.90000000e-01  1.90000000e-01  9.50000000e-01 -1.01252925e+01 
 2.00000000e-01  2.00000000e-01  9.50000000e-01 -9.99861503e+00 
 2.10000000e-01  2.10000000e-01  9.50000000e-01 -9.87194969e+00 
 2.20000000e-01  2.20000000e-01  9.50000000e-01 -9.74530006e+00 
 2.30000000e-01  2.30000000e-01  9.50000000e-01 -9.61866985e+00 
 2.40000000e-01  2.40000000e-01  9.50000000e-01 -9.49206300e+00 
 2.50000000e-01  2.50000000e-01  9.50000000e-01 -9.36548386e+00 
 2.60000000e-01  2.60000000e-01  9.50000000e-01 -9.23893726e+00 
 2.70000000e-01  2.70000000e-01  9.50000000e-01 -9.11242865e+00 
 2.80000000e-01  2.80000000e-01  9.50000000e-01 -8.98596424e+00 
 2.90000000e-01  2.90000000e-01  9.50000000e-01 -8.85955111e+00 
 3.00000000e-01  3.00000000e-01  9.50000000e-01 -8.73319738e+00 
 3.10000000e-01  3.10000000e-01  9.50000000e-01 -8.60691237e+00 
 3.20000000e-01  3.20000000e-01  9.50000000e-01 -8.48070680e+00 
 3.30000000e-01  3.30000000e-01  9.50000000e-01 -8.35459298e+00 
 3.40000000e-01  3.40000000e-01  9.50000000e-01 -8.22858510e+00 
 3.50000000e-01  3.50000000e-01  9.50000000e-01 -8.10269941e+00 
 3.60000000e-01  3.60000000e-01  9.50000000e-01 -7.97695462e+00 
 3.70000000e-01  3.70000000e-01  9.50000000e-01 -7.85137219e+00 
 3.80000000e-01  3.80000000e-01  9.50000000e-01 -7.72597669e+00 
 3.90000000e-01  3.90000000e-01  9.50000000e-01 -7.60079628e+00 
 4.00000000e-01  4.00000000e-01  9.50000000e-01 -7.47586310e+00 
 4.10000000e-01  4.10000000e-01  9.50000000e-01 -7.35121382e+00 
 4.20000000e-01  4.20000000e-01  9.50000000e-01 -7.22689017e+00 
 4.30000000e-01  4.30000000e-01  9.50000000e-01 -7.10293952e+00 
 4.40000000e-01  4.40000000e-01  9.50000000e-01 -6.97941546e+00 
 4.50000000e-01  4.50000000e-01  9.50000000e-01 -6.85637844e+00 
 4.60000000e-01  4.60000000e-01  9.50000000e-01 -6.73389638e+00 
 4.70000000e-01  4.70000000e-01  9.50000000e-01 -6.61204524e+00 
 4.80000000e-01  4.80000000e-01  9.50000000e-01 -6.49090955e+00 
 4.90000000e-01  4.90000000e-01  9.50000000e-01 -6.37058282e+00 
 5.00000000e-01  5.00000000e-01  9.50000000e-01 -6.25116779e+00 
 5.10000000e-01  5.10000000e-01  9.50000000e-01 -6.13277655e+00 
 5.20000000e-01  5.20000000e-01  9.50000000e-01 -6.01553023e+00 
 5.30000000e-01  5.30000000e-01  9.50000000e-01 -5.89955857e+00 
 5.40000000e-01  5.40000000e-01  9.50000000e-01 -5.78499891e+00 
 5.50000000e-01  5.50000000e-01  9.50000000e-01 -5.67199484e+00 
 5.60000000e-01  5.60000000e-01  9.50000000e-01 -5.56069438e+00 
 5.70000000e-01  5.70000000e-01  9.50000000e-01 -5.45124769e+00 
 5.80000000e-01  5.80000000e-01  9.50000000e-01 -5.34380438e+00 
 5.90000000e-01  5.90000000e-01  9.50000000e-01 -5.23851053e+00 
 6.00000000e-01  6.00000000e-01  9.50000000e-01 -5.13550553e+00 
 6.10000000e-01  6.10000000e-01  9.50000000e-01 -5.03491902e+00 
 6.20000000e-01  6.20000000e-01  9.50000000e-01 -4.93686805e+00 
 6.30000000e-01  6.30000000e-01  9.50000000e-01 -4.84145473e+00 
 6.40000000e-01  6.40000000e-01  9.50000000e-01 -4.74876460e+00 
 6.50000000e-01  6.50000000e-01  9.50000000e-01 -4.65886572e+00 
 6.60000000e-01  6.60000000e-01  9.50000000e-01 -4.57180871e+00 
 6.70000000e-01  6.70000000e-01  9.50000000e-01 -4.48762746e+00 
 6.80000000e-01  6.80000000e-01  9.50000000e-01 -4.40634047e+00 
 6.90000000e-01  6.90000000e-01  9.50000000e-01 -4.32795256e+00 
 7.00000000e-01  7.00000000e-01  9.50000000e-01 -4.25245672e+00 
 7.10000000e-01  7.10000000e-01  9.50000000e-01 -4.17983578e+00 
 7.20000000e-01  7.20000000e-01  9.50000000e-01 -4.11006376e+00 
 7.30000000e-01  7.30000000e-01  9.50000000e-01 -4.04310689e+00 
 7.40000000e-01  7.40000000e-01  9.50000000e-01 -3.97892411e+00 
 7.50000000e-01  7.50000000e-01  9.50000000e-01 -3.91746730e+00 
 7.60000000e-01  7.60000000e-01  9.50000000e-01 -3.85868129e+00 
 7.70000000e-01  7.70000000e-01  9.50000000e-01 -3.80250379e+00 
 7.80000000e-01  7.80000000e-01  9.50000000e-01 -3.74886547e+00 
 7.90000000e-01  7.90000000e-01  9.50000000e-01 -3.69769016e+00 
 8.00000000e-01  8.00000000e-01  9.50000000e-01 -3.64889535e+00 
 8.10000000e-01  8.10000000e-01  9.50000000e-01 -3.60239291e+00 
 8.20000000e-01  8.20000000e-01  9.50000000e-01 -3.55809008e+00 
 8.30000000e-01  8.30000000e-01  9.50000000e-01 -3.51589055e+00 
 8.40000000e-01  8.40000000e-01  9.50000000e-01 -3.47569570e+00 
 8.50000000e-01  8.50000000e-01  9.50000000e-01 -3.43740579e+00 
 8.60000000e-01  8.60000000e-01  9.50000000e-01 -3.40092118e+00 
 8.70000000e-01  8.70000000e-01  9.50000000e-01 -3.36614335e+00 
 8.80000000e-01  8.80000000e-01  9.50000000e-01 -3.33297583e+00 
 8.90000000e-01  8.90000000e-01  9.50000000e-01 -3.30132502e+00 
 9.00000000e-01  9.00000000e-01  9.50000000e-01 -3.27110075e+00 
 9.10000000e-01  9.10000000e-01  9.50000000e-01 -3.24221673e+00 
 9.20000000e-01  9.20000000e-01  9.50000000e-01 -3.21459094e+00 
 9.30000000e-01  9.30000000e-01  9.50000000e-01 -3.18814570e+00 
 9.40000000e-01  9.40000000e-01  9.50000000e-01 -3.16280787e+00 
 9.50000000e-01  9.50000000e-01  9.50000000e-01 -3.13850872e+00 
 9.60000000e-01  9.60000000e-01  9.50000000e-01 -3.11518396e+00 
 9.70000000e-01  9.70000000e-01  9.50000000e-01 -3.09277354e+00 
 9.80000000e-01  9.80000000e-01  9.50000000e-01 -3.07122149e+00 
 9.90000000e-01  9.90000000e-01  9.50000000e-01 -3.05047576e+00 
 1.00000000e+00  1.00000000e+00  9.50000000e-01 -3.03048795e+00 
 1.01000000e+00  1.01000000e+00  9.50000000e-01 -3.01121314e+00 
 1.02000000e+00  1.02000000e+00  9.50000000e-01 -2.99260962e+00 
 1.03000000e+00  1.03000000e+00  9.50000000e-01 -2.97463872e+00 
 1.04000000e+00  1.04000000e+00  9.50000000e-01 -2.95726455e+00 
 1.05000000e+00  1.05000000e+00  9.50000000e-01 -2.94045381e+00 
 1.06000000e+00  1.06000000e+00  9.50000000e-01 -2.92417559e+00 
 1.07000000e+00  1.07000000e+00  9.50000000e-01 -2.90840121e+00 
 1.08000000e+00  1.08000000e+00  9.50000000e-01 -2.89310401e+00 
 1.09000000e+00  1.09000000e+00  9.50000000e-01 -2.87825922e+00 
 1.10000000e+00  1.10000000e+00  9.50000000e-01 -2.86384377e+00 
 1.11000000e+00  1.11000000e+00  9.50000000e-01 -2.84983620e+00 
 1.12000000e+00  1.12000000e+00  9.50000000e-01 -2.83621651e+00 
 1.13000000e+00  1.13000000e+00  9.50000000e-01 -2.82296604e+00 
 1.14000000e+00  1.14000000e+00  9.50000000e-01 -2.81006737e+00 
 1.15000000e+00  1.15000000e+00  9.50000000e-01 -2.79750422e+00 
 1.16000000e+00  1.16000000e+00  9.50000000e-01 -2.78526134e+00 
 1.17000000e+00  1.17000000e+00  9.50000000e-01 -2.77332447e+00 
 1.18000000e+00  1.18000000e+00  9.50000000e-01 -2.76168024e+00 
 1.19000000e+00  1.19000000e+00  9.50000000e-01 -2.75031609e+00 
 1.20000000e+00  1.20000000e+00  9.50000000e-01 -2.73922022e+00 
