 v-sweep         v(drain_iv)     v(gate_iv)      id              is              ib              ig              kcl            
 0.00000000e+00  0.00000000e+00  6.00000000e-01  2.81527885e-42 -6.03342271e-42  3.21814386e-42  0.00000000e+00  1.27447353e-57 
 5.00000000e-02  5.00000000e-02  6.00000000e-01 -2.74165614e-06  2.74165613e-06  7.55652999e-15  0.00000000e+00  6.76785440e-21 
 1.00000000e-01  1.00000000e-01  6.00000000e-01 -3.55682491e-06  3.55682490e-06  9.47826107e-15  0.00000000e+00  1.77478439e-21 
 1.50000000e-01  1.50000000e-01  6.00000000e-01 -4.08410456e-06  4.08410455e-06  9.99497196e-15  0.00000000e+00  1.81388164e-21 
 2.00000000e-01  2.00000000e-01  6.00000000e-01 -4.55564797e-06  4.55564796e-06  1.01613453e-14  0.00000000e+00  1.02867282e-20 
 2.50000000e-01  2.50000000e-01  6.00000000e-01 -5.00747140e-06  5.00747139e-06  1.02403631e-14  0.00000000e+00  5.15517223e-21 
 3.00000000e-01  3.00000000e-01  6.00000000e-01 -5.45034124e-06  5.45034123e-06  1.02975992e-14  0.00000000e+00  3.63390285e-21 
 3.50000000e-01  3.50000000e-01  6.00000000e-01 -5.88876329e-06  5.88876328e-06  1.03494040e-14  0.00000000e+00  5.35192805e-21 
 4.00000000e-01  4.00000000e-01  6.00000000e-01 -6.32499314e-06  6.32499313e-06  1.03998547e-14  0.00000000e+00  2.82507865e-21 
 4.50000000e-01  4.50000000e-01  6.00000000e-01 -6.76028918e-06  6.76028917e-06  1.04499678e-14  0.00000000e+00  1.74316984e-20 
 5.00000000e-01  5.00000000e-01  6.00000000e-01 -7.19540526e-06  7.19540525e-06  1.05001519e-14  0.00000000e+00  1.47294084e-20 
 5.50000000e-01  5.50000000e-01  6.00000000e-01 -7.63081554e-06  7.63081553e-06  1.05540411e-14  0.00000000e+00  4.17365403e-22 
 6.00000000e-01  6.00000000e-01  6.00000000e-01 -8.06682849e-06  8.06682848e-06  1.06575696e-14  0.00000000e+00  6.21568268e-21 
 6.50000000e-01  6.50000000e-01  6.00000000e-01 -8.50364936e-06  8.50364935e-06  1.11849819e-14  0.00000000e+00  1.18271416e-20 
 7.00000000e-01  7.00000000e-01  6.00000000e-01 -8.94141646e-06  8.94141645e-06  1.42752166e-14  0.00000000e+00  1.26263561e-20 
 7.50000000e-01  7.50000000e-01  6.00000000e-01 -9.38022336e-06  9.38022333e-06  2.91704857e-14  0.00000000e+00  7.58204688e-21 
 8.00000000e-01  8.00000000e-01  6.00000000e-01 -9.82013296e-06  9.82013287e-06  8.78145465e-14  0.00000000e+00  5.26958736e-21 
 8.50000000e-01  8.50000000e-01  6.00000000e-01 -1.02611867e-05  1.02611864e-05  2.82400224e-13  0.00000000e+00  1.35452986e-20 
 9.00000000e-01  9.00000000e-01  6.00000000e-01 -1.07034109e-05  1.07034101e-05  8.42601982e-13  0.00000000e+00  2.06660912e-20 
 9.50000000e-01  9.50000000e-01  6.00000000e-01 -1.11468211e-05  1.11468188e-05  2.27526196e-12  0.00000000e+00  7.80634174e-21 
 1.00000000e+00  1.00000000e+00  6.00000000e-01 -1.15914252e-05  1.15914197e-05  5.59159361e-12  0.00000000e+00  1.38691047e-21 
 1.05000000e+00  1.05000000e+00  6.00000000e-01 -1.20372263e-05  1.20372137e-05  1.26455006e-11  0.00000000e+00  2.17979863e-20 
 1.10000000e+00  1.10000000e+00  6.00000000e-01 -1.24842241e-05  1.24841975e-05  2.66013622e-11  0.00000000e+00  1.61256599e-21 
 1.15000000e+00  1.15000000e+00  6.00000000e-01 -1.29324173e-05  1.29323648e-05  5.25414744e-11  0.00000000e+00  3.04188239e-20 
 1.20000000e+00  1.20000000e+00  6.00000000e-01 -1.33818047e-05  1.33817065e-05  9.82136334e-11  0.00000000e+00  1.14380984e-20 
 0.00000000e+00  0.00000000e+00  7.00000000e-01  2.79930484e-42 -6.04939672e-42  3.25009188e-42  0.00000000e+00  6.37236764e-58 
 5.00000000e-02  5.00000000e-02  7.00000000e-01 -1.96329787e-05  1.96329787e-05  7.55653034e-15  0.00000000e+00  2.06709614e-20 
 1.00000000e-01  1.00000000e-01  7.00000000e-01 -2.68653985e-05  2.68653984e-05  9.47826287e-15  0.00000000e+00  3.24197791e-20 
 1.50000000e-01  1.50000000e-01  7.00000000e-01 -3.06242826e-05  3.06242826e-05  9.99497617e-15  0.00000000e+00  3.29316485e-20 
 2.00000000e-01  2.00000000e-01  7.00000000e-01 -3.36227560e-05  3.36227560e-05  1.01613525e-14  0.00000000e+00  2.67965664e-20 
 2.50000000e-01  2.50000000e-01  7.00000000e-01 -3.63532746e-05  3.63532746e-05  1.02403737e-14  0.00000000e+00  1.06476546e-20 
 3.00000000e-01  3.00000000e-01  7.00000000e-01 -3.89548900e-05  3.89548900e-05  1.02976136e-14  0.00000000e+00  3.75193544e-20 
 3.50000000e-01  3.50000000e-01  7.00000000e-01 -4.14837520e-05  4.14837520e-05  1.03494226e-14  0.00000000e+00  4.88071883e-20 
 4.00000000e-01  4.00000000e-01  7.00000000e-01 -4.39675932e-05  4.39675931e-05  1.03998779e-14  0.00000000e+00  4.01100977e-20 
 4.50000000e-01  4.50000000e-01  7.00000000e-01 -4.64219170e-05  4.64219170e-05  1.04499958e-14  0.00000000e+00  3.25818709e-20 
 5.00000000e-01  5.00000000e-01  7.00000000e-01 -4.88561418e-05  4.88561418e-05  1.05002648e-14  0.00000000e+00  7.84811628e-20 
 5.50000000e-01  5.50000000e-01  7.00000000e-01 -5.12763378e-05  5.12763378e-05  1.05588221e-14  0.00000000e+00  8.20514976e-20 
 6.00000000e-01  6.00000000e-01  7.00000000e-01 -5.36865941e-05  5.36865941e-05  1.07508908e-14  0.00000000e+00  5.72702770e-20 
 6.50000000e-01  6.50000000e-01  7.00000000e-01 -5.60897590e-05  5.60897590e-05  1.22594575e-14  0.00000000e+00  9.08451034e-20 
 7.00000000e-01  7.00000000e-01  7.00000000e-01 -5.84878695e-05  5.84878694e-05  2.26592778e-14  0.00000000e+00  1.32143655e-21 
 7.50000000e-01  7.50000000e-01  7.00000000e-01 -6.08824122e-05  6.08824121e-05  7.77061952e-14  0.00000000e+00  5.67294371e-20 
 8.00000000e-01  8.00000000e-01  7.00000000e-01 -6.32744900e-05  6.32744897e-05  3.09870417e-13  0.00000000e+00  5.56545041e-20 
 8.50000000e-01  8.50000000e-01  7.00000000e-01 -6.56649309e-05  6.56649298e-05  1.12308460e-12  0.00000000e+00  9.14847324e-20 
 9.00000000e-01  9.00000000e-01  7.00000000e-01 -6.80543631e-05  6.80543596e-05  3.56873600e-12  0.00000000e+00  5.79925370e-20 
 9.50000000e-01  9.50000000e-01  7.00000000e-01 -7.04432669e-05  7.04432568e-05  1.00500319e-11  0.00000000e+00  2.63022400e-20 
 1.00000000e+00  1.00000000e+00  7.00000000e-01 -7.28320122e-05  7.28319867e-05  2.54994655e-11  0.00000000e+00  7.23831277e-20 
 1.05000000e+00  1.05000000e+00  7.00000000e-01 -7.52208873e-05  7.52208282e-05  5.91696625e-11  0.00000000e+00  1.82771398e-19 
 1.10000000e+00  1.10000000e+00  7.00000000e-01 -7.76101206e-05  7.76099935e-05  1.27150002e-10  0.00000000e+00  5.50824740e-22 
 1.15000000e+00  1.15000000e+00  7.00000000e-01 -7.99998985e-05  7.99996428e-05  2.55674567e-10  0.00000000e+00  1.82057800e-20 
 1.20000000e+00  1.20000000e+00  7.00000000e-01 -8.23903806e-05  8.23898954e-05  4.85229399e-10  0.00000000e+00  2.00088786e-20 
 0.00000000e+00  0.00000000e+00  8.00000000e-01  2.78333083e-42 -6.06537073e-42  3.28203990e-42  0.00000000e+00  6.37236764e-58 
 5.00000000e-02  5.00000000e-02  8.00000000e-01 -7.13738542e-05  7.13738542e-05  7.55653079e-15  0.00000000e+00  2.11225908e-20 
 1.00000000e-01  1.00000000e-01  8.00000000e-01 -1.10951606e-04  1.10951606e-04  9.47826565e-15  0.00000000e+00  6.18366046e-20 
 1.50000000e-01  1.50000000e-01  8.00000000e-01 -1.30858121e-04  1.30858121e-04  9.99498534e-15  0.00000000e+00  5.76463174e-20 
 2.00000000e-01  2.00000000e-01  8.00000000e-01 -1.43227962e-04  1.43227962e-04  1.01613712e-14  0.00000000e+00  3.87488094e-20 
 2.50000000e-01  2.50000000e-01  8.00000000e-01 -1.52935370e-04  1.52935370e-04  1.02404038e-14  0.00000000e+00  2.12835576e-20 
 3.00000000e-01  3.00000000e-01  8.00000000e-01 -1.61450071e-04  1.61450071e-04  1.02976561e-14  0.00000000e+00  1.22496151e-20 
 3.50000000e-01  3.50000000e-01  8.00000000e-01 -1.69317094e-04  1.69317094e-04  1.03494785e-14  0.00000000e+00  3.69766250e-20 
 4.00000000e-01  4.00000000e-01  8.00000000e-01 -1.76786799e-04  1.76786799e-04  1.03999481e-14  0.00000000e+00  9.80463275e-21 
 4.50000000e-01  4.50000000e-01  8.00000000e-01 -1.83992403e-04  1.83992403e-04  1.04500812e-14  0.00000000e+00  8.27304741e-20 
 5.00000000e-01  5.00000000e-01  8.00000000e-01 -1.91012346e-04  1.91012346e-04  1.05001314e-14  0.00000000e+00  1.21241539e-19 
 5.50000000e-01  5.50000000e-01  8.00000000e-01 -1.97896308e-04  1.97896308e-04  1.05527947e-14  0.00000000e+00  1.19460945e-19 
 6.00000000e-01  6.00000000e-01  8.00000000e-01 -2.04677525e-04  2.04677525e-04  1.06740775e-14  0.00000000e+00  8.26206650e-20 
 6.50000000e-01  6.50000000e-01  8.00000000e-01 -2.11379190e-04  2.11379190e-04  1.17448242e-14  0.00000000e+00  6.68602856e-20 
 7.00000000e-01  7.00000000e-01  8.00000000e-01 -2.18018045e-04  2.18018045e-04  2.11362407e-14  0.00000000e+00  6.38372329e-20 
 7.50000000e-01  7.50000000e-01  8.00000000e-01 -2.24606511e-04  2.24606511e-04  8.16974182e-14  0.00000000e+00  3.86743381e-19 
 8.00000000e-01  8.00000000e-01  8.00000000e-01 -2.31154012e-04  2.31154011e-04  3.80425131e-13  0.00000000e+00  2.51481357e-20 
 8.50000000e-01  8.50000000e-01  8.00000000e-01 -2.37667838e-04  2.37667836e-04  1.56668738e-12  0.00000000e+00  2.15995720e-20 
 9.00000000e-01  9.00000000e-01  8.00000000e-01 -2.44153718e-04  2.44153713e-04  5.51614624e-12  0.00000000e+00  3.54599565e-21 
 9.50000000e-01  9.50000000e-01  8.00000000e-01 -2.50616223e-04  2.50616206e-04  1.68917115e-11  0.00000000e+00  7.90049153e-20 
 1.00000000e+00  1.00000000e+00  8.00000000e-01 -2.57059041e-04  2.57058996e-04  4.59394982e-11  0.00000000e+00  3.58189303e-20 
 1.05000000e+00  1.05000000e+00  8.00000000e-01 -2.63485192e-04  2.63485079e-04  1.12981613e-10  0.00000000e+00  1.35476843e-19 
 1.10000000e+00  1.10000000e+00  8.00000000e-01 -2.69897177e-04  2.69896922e-04  2.55012144e-10  0.00000000e+00  3.63818849e-20 
 1.15000000e+00  1.15000000e+00  8.00000000e-01 -2.76297099e-04  2.76296564e-04  5.34673961e-10  0.00000000e+00  1.17434004e-19 
 1.20000000e+00  1.20000000e+00  8.00000000e-01 -2.82686761e-04  2.82685709e-04  1.05171533e-09  0.00000000e+00  4.35858008e-20 
 0.00000000e+00  0.00000000e+00  9.00000000e-01  2.76735682e-42 -6.08134474e-42  3.31398792e-42  0.00000000e+00  6.37236764e-58 
 5.00000000e-02  5.00000000e-02  9.00000000e-01 -1.47395884e-04  1.47395884e-04  7.55653114e-15  0.00000000e+00  7.56796771e-20 
 1.00000000e-01  1.00000000e-01  9.00000000e-01 -2.49599449e-04  2.49599449e-04  9.47826730e-15  0.00000000e+00  4.49362899e-20 
 1.50000000e-01  1.50000000e-01  9.00000000e-01 -3.13597250e-04  3.13597250e-04  9.99499207e-15  0.00000000e+00  5.09212353e-20 
 2.00000000e-01  2.00000000e-01  9.00000000e-01 -3.51461950e-04  3.51461950e-04  1.01613910e-14  0.00000000e+00  3.14049492e-20 
 2.50000000e-01  2.50000000e-01  9.00000000e-01 -3.76658524e-04  3.76658524e-04  1.02404423e-14  0.00000000e+00  6.40288161e-20 
 3.00000000e-01  3.00000000e-01  9.00000000e-01 -3.96203664e-04  3.96203664e-04  1.02977165e-14  0.00000000e+00  1.84694761e-20 
 3.50000000e-01  3.50000000e-01  9.00000000e-01 -4.12876601e-04  4.12876601e-04  1.03495627e-14  0.00000000e+00  3.10881020e-19 
 4.00000000e-01  4.00000000e-01  9.00000000e-01 -4.27880842e-04  4.27880842e-04  1.04000574e-14  0.00000000e+00  1.19098678e-19 
 4.50000000e-01  4.50000000e-01  9.00000000e-01 -4.41816496e-04  4.41816496e-04  1.04502168e-14  0.00000000e+00  2.84783961e-20 
 5.00000000e-01  5.00000000e-01  9.00000000e-01 -4.55018785e-04  4.55018785e-04  1.05002942e-14  0.00000000e+00  2.58001192e-19 
 5.50000000e-01  5.50000000e-01  9.00000000e-01 -4.67691620e-04  4.67691620e-04  1.05503529e-14  0.00000000e+00  4.15208513e-19 
 6.00000000e-01  6.00000000e-01  9.00000000e-01 -4.79967296e-04  4.79967296e-04  1.06160332e-14  0.00000000e+00  3.38642029e-19 
 6.50000000e-01  6.50000000e-01  9.00000000e-01 -4.91936042e-04  4.91936042e-04  1.10070854e-14  0.00000000e+00  6.02891215e-20 
 7.00000000e-01  7.00000000e-01  9.00000000e-01 -5.03661890e-04  5.03661890e-04  1.53348427e-14  0.00000000e+00  2.12454026e-19 
 7.50000000e-01  7.50000000e-01  9.00000000e-01 -5.15191761e-04  5.15191761e-04  5.07167704e-14  0.00000000e+00  6.95886639e-20 
 8.00000000e-01  8.00000000e-01  9.00000000e-01 -5.26560964e-04  5.26560963e-04  2.61773250e-13  0.00000000e+00  8.30249107e-21 
 8.50000000e-01  8.50000000e-01  9.00000000e-01 -5.37796663e-04  5.37796661e-04  1.23709876e-12  0.00000000e+00  1.15772243e-19 
 9.00000000e-01  9.00000000e-01  9.00000000e-01 -5.48920157e-04  5.48920152e-04  4.90662292e-12  0.00000000e+00  5.79610095e-19 
 9.50000000e-01  9.50000000e-01  9.00000000e-01 -5.59948422e-04  5.59948405e-04  1.65839949e-11  0.00000000e+00  2.85612282e-19 
 1.00000000e+00  1.00000000e+00  9.00000000e-01 -5.70895183e-04  5.70895134e-04  4.89539909e-11  0.00000000e+00  8.32913944e-20 
 1.05000000e+00  1.05000000e+00  9.00000000e-01 -5.81771683e-04  5.81771554e-04  1.28937532e-10  0.00000000e+00  3.17899985e-19 
 1.10000000e+00  1.10000000e+00  9.00000000e-01 -5.92587252e-04  5.92586943e-04  3.08344035e-10  0.00000000e+00  1.31628682e-19 
 1.15000000e+00  1.15000000e+00  9.00000000e-01 -6.03349725e-04  6.03349046e-04  6.79027094e-10  0.00000000e+00  2.53891819e-19 
 1.20000000e+00  1.20000000e+00  9.00000000e-01 -6.14065779e-04  6.14064386e-04  1.39292740e-09  0.00000000e+00  1.72613775e-19 
 0.00000000e+00  0.00000000e+00  1.00000000e+00  2.75138281e-42 -6.09731874e-42  3.34593593e-42  0.00000000e+00  0.00000000e+00 
 5.00000000e-02  5.00000000e-02  1.00000000e+00 -2.27976436e-04  2.27976436e-04  7.55653142e-15  0.00000000e+00  7.59570446e-20 
 1.00000000e-01  1.00000000e-01  1.00000000e+00 -4.02146395e-04  4.02146395e-04  9.47826844e-15  0.00000000e+00  4.37951579e-20 
 1.50000000e-01  1.50000000e-01  1.00000000e+00 -5.27559776e-04  5.27559776e-04  9.99499535e-15  0.00000000e+00  4.76355621e-20 
 2.00000000e-01  2.00000000e-01  1.00000000e+00 -6.09792354e-04  6.09792354e-04  1.01614032e-14  0.00000000e+00  1.73256488e-19 
 2.50000000e-01  2.50000000e-01  1.00000000e+00 -6.62035794e-04  6.62035794e-04  1.02404736e-14  0.00000000e+00  3.27173050e-20 
 3.00000000e-01  3.00000000e-01  1.00000000e+00 -6.98731145e-04  6.98731145e-04  1.02977734e-14  0.00000000e+00  2.11638160e-20 
 3.50000000e-01  3.50000000e-01  1.00000000e+00 -7.27632624e-04  7.27632624e-04  1.03496486e-14  0.00000000e+00  1.45291147e-19 
 4.00000000e-01  4.00000000e-01  1.00000000e+00 -7.52204424e-04  7.52204424e-04  1.04001744e-14  0.00000000e+00  7.35058473e-20 
 4.50000000e-01  4.50000000e-01  1.00000000e+00 -7.74110036e-04  7.74110036e-04  1.04503664e-14  0.00000000e+00  3.92190109e-19 
 5.00000000e-01  5.00000000e-01  1.00000000e+00 -7.94239110e-04  7.94239110e-04  1.05004776e-14  0.00000000e+00  1.96407132e-19 
 5.50000000e-01  5.50000000e-01  1.00000000e+00 -8.13112930e-04  8.13112930e-04  1.05505709e-14  0.00000000e+00  1.72336578e-20 
 6.00000000e-01  6.00000000e-01  1.00000000e+00 -8.31059611e-04  8.31059611e-04  1.06032433e-14  0.00000000e+00  2.53954763e-19 
 6.50000000e-01  6.50000000e-01  1.00000000e+00 -8.48297580e-04  8.48297580e-04  1.07572338e-14  0.00000000e+00  2.20166167e-19 
 7.00000000e-01  7.00000000e-01  1.00000000e+00 -8.64978858e-04  8.64978858e-04  1.25653084e-14  0.00000000e+00  2.72618238e-19 
 7.50000000e-01  7.50000000e-01  1.00000000e+00 -8.81213125e-04  8.81213125e-04  3.08473127e-14  0.00000000e+00  2.62114685e-20 
 8.00000000e-01  8.00000000e-01  1.00000000e+00 -8.97081879e-04  8.97081879e-04  1.60852146e-13  0.00000000e+00  5.21512494e-19 
 8.50000000e-01  8.50000000e-01  1.00000000e+00 -9.12647197e-04  9.12647196e-04  8.51655276e-13  0.00000000e+00  2.75651299e-19 
 9.00000000e-01  9.00000000e-01  1.00000000e+00 -9.27957356e-04  9.27957352e-04  3.75863042e-12  0.00000000e+00  1.35750161e-19 
 9.50000000e-01  9.50000000e-01  1.00000000e+00 -9.43050580e-04  9.43050566e-04  1.38889991e-11  0.00000000e+00  2.22478284e-19 
 1.00000000e+00  1.00000000e+00  1.00000000e+00 -9.57957613e-04  9.57957568e-04  4.41421212e-11  0.00000000e+00  2.48854295e-19 
 1.05000000e+00  1.05000000e+00  1.00000000e+00 -9.72703526e-04  9.72703402e-04  1.23649414e-10  0.00000000e+00  5.08321098e-19 
 1.10000000e+00  1.10000000e+00  1.00000000e+00 -9.87309032e-04  9.87308720e-04  3.11408903e-10  0.00000000e+00  2.34764301e-19 
 1.15000000e+00  1.15000000e+00  1.00000000e+00 -1.00179145e-03  1.00179073e-03  7.16519416e-10  0.00000000e+00  1.21515727e-19 
 1.20000000e+00  1.20000000e+00  1.00000000e+00 -1.01616545e-03  1.01616393e-03  1.52586728e-09  0.00000000e+00  9.12719360e-20 
 0.00000000e+00  0.00000000e+00  1.10000000e+00  2.73540880e-42 -6.11329275e-42  3.37788395e-42  0.00000000e+00  6.37236764e-58 
 5.00000000e-02  5.00000000e-02  1.10000000e+00 -3.05959035e-04  3.05959035e-04  7.55653165e-15  0.00000000e+00  3.22335972e-20 
 1.00000000e-01  1.00000000e-01  1.10000000e+00 -5.51831356e-04  5.51831356e-04  9.47826937e-15  0.00000000e+00  4.28672253e-20 
 1.50000000e-01  1.50000000e-01  1.10000000e+00 -7.42417691e-04  7.42417691e-04  9.99499742e-15  0.00000000e+00  1.71269337e-19 
 2.00000000e-01  2.00000000e-01  1.10000000e+00 -8.79653994e-04  8.79653994e-04  1.01614095e-14  0.00000000e+00  2.66781167e-19 
 2.50000000e-01  2.50000000e-01  1.10000000e+00 -9.70008157e-04  9.70008157e-04  1.02404947e-14  0.00000000e+00  1.16942711e-20 
 3.00000000e-01  3.00000000e-01  1.10000000e+00 -1.03042637e-03  1.03042637e-03  1.02978191e-14  0.00000000e+00  3.66856916e-19 
 3.50000000e-01  3.50000000e-01  1.10000000e+00 -1.07507134e-03  1.07507134e-03  1.03497245e-14  0.00000000e+00  5.03096921e-19 
 4.00000000e-01  4.00000000e-01  1.10000000e+00 -1.11114276e-03  1.11114276e-03  1.04002836e-14  0.00000000e+00  3.41813899e-20 
 4.50000000e-01  4.50000000e-01  1.10000000e+00 -1.14209785e-03  1.14209785e-03  1.04505108e-14  0.00000000e+00  3.30824419e-19 
 5.00000000e-01  5.00000000e-01  1.10000000e+00 -1.16973370e-03  1.16973370e-03  1.05006585e-14  0.00000000e+00  1.60464883e-19 
 5.50000000e-01  5.50000000e-01  1.10000000e+00 -1.19507237e-03  1.19507237e-03  1.05507895e-14  0.00000000e+00  1.55703797e-20 
 6.00000000e-01  6.00000000e-01  1.10000000e+00 -1.21874082e-03  1.21874082e-03  1.06009190e-14  0.00000000e+00  4.09843605e-19 
 6.50000000e-01  6.50000000e-01  1.10000000e+00 -1.24114764e-03  1.24114764e-03  1.06842220e-14  0.00000000e+00  6.00768077e-20 
 7.00000000e-01  7.00000000e-01  1.10000000e+00 -1.26257228e-03  1.26257228e-03  1.14783540e-14  0.00000000e+00  3.39296457e-19 
 7.50000000e-01  7.50000000e-01  1.10000000e+00 -1.28321351e-03  1.28321351e-03  2.10100713e-14  0.00000000e+00  4.01590860e-19 
 8.00000000e-01  8.00000000e-01  1.10000000e+00 -1.30321727e-03  1.30321727e-03  1.00274024e-13  0.00000000e+00  5.82437587e-19 
 8.50000000e-01  8.50000000e-01  1.10000000e+00 -1.32269365e-03  1.32269365e-03  5.77246041e-13  0.00000000e+00  3.25603427e-19 
 9.00000000e-01  9.00000000e-01  1.10000000e+00 -1.34172758e-03  1.34172758e-03  2.79383989e-12  0.00000000e+00  5.76743617e-19 
 9.50000000e-01  9.50000000e-01  1.10000000e+00 -1.36038583e-03  1.36038582e-03  1.11629795e-11  0.00000000e+00  6.00707818e-20 
 1.00000000e+00  1.00000000e+00  1.10000000e+00 -1.37872181e-03  1.37872177e-03  3.78475816e-11  0.00000000e+00  4.70152658e-19 
 1.05000000e+00  1.05000000e+00  1.10000000e+00 -1.39677883e-03  1.39677872e-03  1.11869987e-10  0.00000000e+00  2.79977101e-19 
 1.10000000e+00  1.10000000e+00  1.10000000e+00 -1.41459253e-03  1.41459223e-03  2.94722016e-10  0.00000000e+00  1.96268349e-19 
 1.15000000e+00  1.15000000e+00  1.10000000e+00 -1.43219256e-03  1.43219186e-03  7.04432721e-10  0.00000000e+00  2.34148155e-19 
 1.20000000e+00  1.20000000e+00  1.10000000e+00 -1.44960392e-03  1.44960237e-03  1.54954008e-09  0.00000000e+00  3.34897099e-19 
 0.00000000e+00  0.00000000e+00  1.20000000e+00  2.71943479e-42 -6.12926676e-42  3.40983197e-42  0.00000000e+00  6.37236764e-58 
 5.00000000e-02  5.00000000e-02  1.20000000e+00 -3.79567167e-04  3.79567167e-04  7.55653184e-15  0.00000000e+00  2.21654938e-20 
 1.00000000e-01  1.00000000e-01  1.20000000e+00 -6.94257388e-04  6.94257388e-04  9.47827012e-15  0.00000000e+00  4.21138828e-20 
 1.50000000e-01  1.50000000e-01  1.20000000e+00 -9.49035401e-04  9.49035401e-04  9.99499892e-15  0.00000000e+00  4.40726037e-20 
 2.00000000e-01  2.00000000e-01  1.20000000e+00 -1.14469809e-03  1.14469809e-03  1.01614127e-14  0.00000000e+00  1.63722921e-19 
 2.50000000e-01  2.50000000e-01  1.20000000e+00 -1.28128358e-03  1.28128358e-03  1.02405070e-14  0.00000000e+00  4.34338736e-19 
 3.00000000e-01  3.00000000e-01  1.20000000e+00 -1.37201147e-03  1.37201147e-03  1.02978525e-14  0.00000000e+00  3.33411253e-19 
 3.50000000e-01  3.50000000e-01  1.20000000e+00 -1.43613718e-03  1.43613718e-03  1.03497871e-14  0.00000000e+00  2.23679147e-19 
 4.00000000e-01  4.00000000e-01  1.20000000e+00 -1.48575576e-03  1.48575576e-03  1.04003796e-14  0.00000000e+00  6.18675747e-20 
 4.50000000e-01  4.50000000e-01  1.20000000e+00 -1.52690872e-03  1.52690872e-03  1.04506428e-14  0.00000000e+00  1.80505805e-20 
 5.00000000e-01  5.00000000e-01  1.20000000e+00 -1.56269516e-03  1.56269516e-03  1.05008282e-14  0.00000000e+00  3.20394687e-19 
 5.50000000e-01  5.50000000e-01  1.20000000e+00 -1.59483772e-03  1.59483772e-03  1.05509979e-14  0.00000000e+00  4.09746334e-19 
 6.00000000e-01  6.00000000e-01  1.20000000e+00 -1.62437032e-03  1.62437032e-03  1.06011672e-14  0.00000000e+00  3.78465574e-19 
 6.50000000e-01  6.50000000e-01  1.20000000e+00 -1.65195425e-03  1.65195425e-03  1.06613416e-14  0.00000000e+00  5.98440490e-19 
 7.00000000e-01  7.00000000e-01  1.20000000e+00 -1.67803483e-03  1.67803483e-03  1.10328621e-14  0.00000000e+00  2.08069307e-20 
 7.50000000e-01  7.50000000e-01  1.20000000e+00 -1.70292469e-03  1.70292469e-03  1.60549051e-14  0.00000000e+00  3.93324470e-20 
 8.00000000e-01  8.00000000e-01  1.20000000e+00 -1.72685096e-03  1.72685096e-03  6.42787664e-14  0.00000000e+00  3.27781666e-19 
 8.50000000e-01  8.50000000e-01  1.20000000e+00 -1.74998342e-03  1.74998342e-03  3.89915587e-13  0.00000000e+00  3.77425808e-19 
 9.00000000e-01  9.00000000e-01  1.20000000e+00 -1.77245204e-03  1.77245204e-03  2.04842395e-12  0.00000000e+00  2.39704716e-19 
 9.50000000e-01  9.50000000e-01  1.20000000e+00 -1.79435834e-03  1.79435834e-03  8.78933565e-12  0.00000000e+00  1.41557486e-19 
 1.00000000e+00  1.00000000e+00  1.20000000e+00 -1.81578309e-03  1.81578306e-03  3.16113847e-11  0.00000000e+00  7.99854055e-19 
 1.05000000e+00  1.05000000e+00  1.20000000e+00 -1.83679147e-03  1.83679137e-03  9.81234369e-11  0.00000000e+00  2.14293455e-19 
 1.10000000e+00  1.10000000e+00  1.20000000e+00 -1.85743686e-03  1.85743659e-03  2.69304303e-10  0.00000000e+00  4.41969839e-20 
 1.15000000e+00  1.15000000e+00  1.20000000e+00 -1.87776353e-03  1.87776286e-03  6.66282598e-10  0.00000000e+00  7.72592896e-20 
 1.20000000e+00  1.20000000e+00  1.20000000e+00 -1.89780860e-03  1.89780709e-03  1.50925704e-09  0.00000000e+00  1.99536643e-19 
