 v-sweep         v(drain_iv)     v(gate_iv)      id              is              ib              ig              kcl            
 0.00000000e+00  0.00000000e+00  6.00000000e-01  5.27593207e-53  2.86623226e-53 -8.14216434e-53  0.00000000e+00  9.27301538e-69 
 5.00000000e-02  5.00000000e-02  6.00000000e-01 -6.13027598e-06  6.13027597e-06  7.04649064e-15  0.00000000e+00  1.03259748e-20 
 1.00000000e-01  1.00000000e-01  6.00000000e-01 -8.16707379e-06  8.16707378e-06  9.19789380e-15  0.00000000e+00  1.04565236e-20 
 1.50000000e-01  1.50000000e-01  6.00000000e-01 -9.30508301e-06  9.30508300e-06  9.87905295e-15  0.00000000e+00  9.20530233e-21 
 2.00000000e-01  2.00000000e-01  6.00000000e-01 -1.02635621e-05  1.02635620e-05  1.01186230e-14  0.00000000e+00  1.22372263e-20 
 2.50000000e-01  2.50000000e-01  6.00000000e-01 -1.11584284e-05  1.11584284e-05  1.02255615e-14  0.00000000e+00  4.88942572e-21 
 3.00000000e-01  3.00000000e-01  6.00000000e-01 -1.20226553e-05  1.20226553e-05  1.02926641e-14  0.00000000e+00  2.58105282e-21 
 3.50000000e-01  3.50000000e-01  6.00000000e-01 -1.28697600e-05  1.28697600e-05  1.03478020e-14  0.00000000e+00  1.32861770e-20 
 4.00000000e-01  4.00000000e-01  6.00000000e-01 -1.37064868e-05  1.37064868e-05  1.03993464e-14  0.00000000e+00  1.25060295e-20 
 4.50000000e-01  4.50000000e-01  6.00000000e-01 -1.45366252e-05  1.45366252e-05  1.04498116e-14  0.00000000e+00  1.02160481e-20 
 5.00000000e-01  5.00000000e-01  6.00000000e-01 -1.53624788e-05  1.53624787e-05  1.05000848e-14  0.00000000e+00  1.02844169e-20 
 5.50000000e-01  5.50000000e-01  6.00000000e-01 -1.61855278e-05  1.61855278e-05  1.05542168e-14  0.00000000e+00  1.36588926e-20 
 6.00000000e-01  6.00000000e-01  6.00000000e-01 -1.70067634e-05  1.70067634e-05  1.06675807e-14  0.00000000e+00  7.06411723e-21 
 6.50000000e-01  6.50000000e-01  6.00000000e-01 -1.78268694e-05  1.78268694e-05  1.13345227e-14  0.00000000e+00  2.49927720e-20 
 7.00000000e-01  7.00000000e-01  6.00000000e-01 -1.86463288e-05  1.86463288e-05  1.55882736e-14  0.00000000e+00  1.45600630e-20 
 7.50000000e-01  7.50000000e-01  6.00000000e-01 -1.94654885e-05  1.94654884e-05  3.72804370e-14  0.00000000e+00  2.99020789e-21 
 8.00000000e-01  8.00000000e-01  6.00000000e-01 -2.02846009e-05  2.02846007e-05  1.26412281e-13  0.00000000e+00  3.02444779e-20 
 8.50000000e-01  8.50000000e-01  6.00000000e-01 -2.11038509e-05  2.11038504e-05  4.32343960e-13  0.00000000e+00  1.75413524e-20 
 9.00000000e-01  9.00000000e-01  6.00000000e-01 -2.19233748e-05  2.19233734e-05  1.33751371e-12  0.00000000e+00  7.79393948e-21 
 9.50000000e-01  9.50000000e-01  6.00000000e-01 -2.27432732e-05  2.27432695e-05  3.70463899e-12  0.00000000e+00  2.45988812e-21 
 1.00000000e+00  1.00000000e+00  6.00000000e-01 -2.35636205e-05  2.35636112e-05  9.28568312e-12  0.00000000e+00  7.12606243e-21 
 1.05000000e+00  1.05000000e+00  6.00000000e-01 -2.43844721e-05  2.43844507e-05  2.13388400e-11  0.00000000e+00  1.84994647e-20 
 1.10000000e+00  1.10000000e+00  6.00000000e-01 -2.52058702e-05  2.52058247e-05  4.54901185e-11  0.00000000e+00  2.51784860e-20 
 1.15000000e+00  1.15000000e+00  6.00000000e-01 -2.60278484e-05  2.60277576e-05  9.08603791e-11  0.00000000e+00  2.80437621e-20 
 1.20000000e+00  1.20000000e+00  6.00000000e-01 -2.68504358e-05  2.68502643e-05  1.71459593e-10  0.00000000e+00  5.56410794e-21 
 0.00000000e+00  0.00000000e+00  7.00000000e-01  5.25666436e-53  2.84696455e-53 -8.10362892e-53  0.00000000e+00  1.85460308e-68 
 5.00000000e-02  5.00000000e-02  7.00000000e-01 -3.00609558e-05  3.00609558e-05  7.04649097e-15  0.00000000e+00  1.71031017e-20 
 1.00000000e-01  1.00000000e-01  7.00000000e-01 -4.38469522e-05  4.38469522e-05  9.19789567e-15  0.00000000e+00  4.18837372e-20 
 1.50000000e-01  1.50000000e-01  7.00000000e-01 -5.04278286e-05  5.04278286e-05  9.87905805e-15  0.00000000e+00  4.98467971e-20 
 2.00000000e-01  2.00000000e-01  7.00000000e-01 -5.50498146e-05  5.50498146e-05  1.01186324e-14  0.00000000e+00  2.42217873e-20 
 2.50000000e-01  2.50000000e-01  7.00000000e-01 -5.90095932e-05  5.90095932e-05  1.02255758e-14  0.00000000e+00  9.26619837e-21 
 3.00000000e-01  3.00000000e-01  7.00000000e-01 -6.26600127e-05  6.26600127e-05  1.02926838e-14  0.00000000e+00  1.37159233e-20 
 3.50000000e-01  3.50000000e-01  7.00000000e-01 -6.61362447e-05  6.61362447e-05  1.03478276e-14  0.00000000e+00  1.22999201e-20 
 4.00000000e-01  4.00000000e-01  7.00000000e-01 -6.95029235e-05  6.95029235e-05  1.03993783e-14  0.00000000e+00  1.78381892e-20 
 4.50000000e-01  4.50000000e-01  7.00000000e-01 -7.27955336e-05  7.27955336e-05  1.04498504e-14  0.00000000e+00  2.89853022e-20 
 5.00000000e-01  5.00000000e-01  7.00000000e-01 -7.60354448e-05  7.60354448e-05  1.05000298e-14  0.00000000e+00  4.67960016e-20 
 5.50000000e-01  5.50000000e-01  7.00000000e-01 -7.92364043e-05  7.92364043e-05  1.05538652e-14  0.00000000e+00  2.69677810e-21 
 6.00000000e-01  6.00000000e-01  7.00000000e-01 -8.24077021e-05  8.24077021e-05  1.06824356e-14  0.00000000e+00  1.86904516e-20 
 6.50000000e-01  6.50000000e-01  7.00000000e-01 -8.55558599e-05  8.55558599e-05  1.16839485e-14  0.00000000e+00  1.18890723e-19 
 7.00000000e-01  7.00000000e-01  7.00000000e-01 -8.86855958e-05  8.86855958e-05  1.93980438e-14  0.00000000e+00  8.13727568e-20 
 7.50000000e-01  7.50000000e-01  7.00000000e-01 -9.18004077e-05  9.18004076e-05  6.44064416e-14  0.00000000e+00  4.63221867e-20 
 8.00000000e-01  8.00000000e-01  7.00000000e-01 -9.49029409e-05  9.49029407e-05  2.69659585e-13  0.00000000e+00  5.28132410e-21 
 8.50000000e-01  8.50000000e-01  7.00000000e-01 -9.79952300e-05  9.79952290e-05  1.03520890e-12  0.00000000e+00  1.90810179e-20 
 9.00000000e-01  9.00000000e-01  7.00000000e-01 -1.01078862e-04  1.01078858e-04  3.45790427e-12  0.00000000e+00  4.75496439e-20 
 9.50000000e-01  9.50000000e-01  7.00000000e-01 -1.04155089e-04  1.04155079e-04  1.01522344e-11  0.00000000e+00  5.14450587e-20 
 1.00000000e+00  1.00000000e+00  7.00000000e-01 -1.07224913e-04  1.07224886e-04  2.66701469e-11  0.00000000e+00  7.78035874e-20 
 1.05000000e+00  1.05000000e+00  7.00000000e-01 -1.10289143e-04  1.10289080e-04  6.37197167e-11  0.00000000e+00  1.10823229e-19 
 1.10000000e+00  1.10000000e+00  7.00000000e-01 -1.13348445e-04  1.13348305e-04  1.40350397e-10  0.00000000e+00  2.39850324e-20 
 1.15000000e+00  1.15000000e+00  7.00000000e-01 -1.16403374e-04  1.16403086e-04  2.88210934e-10  0.00000000e+00  5.04010453e-20 
 1.20000000e+00  1.20000000e+00  7.00000000e-01 -1.19454407e-04  1.19453850e-04  5.56905985e-10  0.00000000e+00  1.10983857e-20 
 0.00000000e+00  0.00000000e+00  8.00000000e-01  5.23739665e-53  2.82769684e-53 -8.06509349e-53  0.00000000e+00  3.70920615e-68 
 5.00000000e-02  5.00000000e-02  8.00000000e-01 -8.28336791e-05  8.28336791e-05  7.04649129e-15  0.00000000e+00  6.38910630e-20 
 1.00000000e-01  1.00000000e-01  8.00000000e-01 -1.35398943e-04  1.35398943e-04  9.19789740e-15  0.00000000e+00  6.82742174e-20 
 1.50000000e-01  1.50000000e-01  8.00000000e-01 -1.64936652e-04  1.64936652e-04  9.87906472e-15  0.00000000e+00  3.13641757e-20 
 2.00000000e-01  2.00000000e-01  8.00000000e-01 -1.82243579e-04  1.82243579e-04  1.01186486e-14  0.00000000e+00  3.36459617e-20 
 2.50000000e-01  2.50000000e-01  8.00000000e-01 -1.94663660e-04  1.94663660e-04  1.02256042e-14  0.00000000e+00  1.14053717e-19 
 3.00000000e-01  3.00000000e-01  8.00000000e-01 -2.04952934e-04  2.04952934e-04  1.02927260e-14  0.00000000e+00  4.24340767e-20 
 3.50000000e-01  3.50000000e-01  8.00000000e-01 -2.14126683e-04  2.14126683e-04  1.03478848e-14  0.00000000e+00  1.52948740e-20 
 4.00000000e-01  4.00000000e-01  8.00000000e-01 -2.22632540e-04  2.22632540e-04  1.03994514e-14  0.00000000e+00  5.31975082e-20 
 4.50000000e-01  4.50000000e-01  8.00000000e-01 -2.30700539e-04  2.30700539e-04  1.04499401e-14  0.00000000e+00  7.00744591e-21 
 5.00000000e-01  5.00000000e-01  8.00000000e-01 -2.38462664e-04  2.38462664e-04  1.05001060e-14  0.00000000e+00  6.87132290e-20 
 5.50000000e-01  5.50000000e-01  8.00000000e-01 -2.46000940e-04  2.46000940e-04  1.05506147e-14  0.00000000e+00  1.36092470e-19 
 6.00000000e-01  6.00000000e-01  8.00000000e-01 -2.53369489e-04  2.53369489e-04  1.06230719e-14  0.00000000e+00  2.21623228e-19 
 6.50000000e-01  6.50000000e-01  8.00000000e-01 -2.60605714e-04  2.60605714e-04  1.10816262e-14  0.00000000e+00  1.12613788e-19 
 7.00000000e-01  7.00000000e-01  8.00000000e-01 -2.67736425e-04  2.67736425e-04  1.56159331e-14  0.00000000e+00  1.69170408e-19 
 7.50000000e-01  7.50000000e-01  8.00000000e-01 -2.74781419e-04  2.74781419e-04  4.90984571e-14  0.00000000e+00  1.77763975e-20 
 8.00000000e-01  8.00000000e-01  8.00000000e-01 -2.81755683e-04  2.81755682e-04  2.33459180e-13  0.00000000e+00  1.38368310e-20 
 8.50000000e-01  8.50000000e-01  8.00000000e-01 -2.88670790e-04  2.88670789e-04  1.03302226e-12  0.00000000e+00  9.80892421e-20 
 9.00000000e-01  9.00000000e-01  8.00000000e-01 -2.95535841e-04  2.95535837e-04  3.89172736e-12  0.00000000e+00  3.17045243e-20 
 9.50000000e-01  9.50000000e-01  8.00000000e-01 -3.02358102e-04  3.02358090e-04  1.26196607e-11  0.00000000e+00  5.37209702e-21 
 1.00000000e+00  1.00000000e+00  8.00000000e-01 -3.09143450e-04  3.09143414e-04  3.60048090e-11  0.00000000e+00  9.75804289e-21 
 1.05000000e+00  1.05000000e+00  8.00000000e-01 -3.15896702e-04  3.15896610e-04  9.21830310e-11  0.00000000e+00  2.51821683e-19 
 1.10000000e+00  1.10000000e+00  8.00000000e-01 -3.22621854e-04  3.22621639e-04  2.15266007e-10  0.00000000e+00  1.91662840e-19 
 1.15000000e+00  1.15000000e+00  8.00000000e-01 -3.29322266e-04  3.29321802e-04  4.64601203e-10  0.00000000e+00  6.66231945e-21 
 1.20000000e+00  1.20000000e+00  8.00000000e-01 -3.36000805e-04  3.35999868e-04  9.36841984e-10  0.00000000e+00  1.91616389e-21 
 0.00000000e+00  0.00000000e+00  9.00000000e-01  5.21812894e-53  2.80842913e-53 -8.02655807e-53  0.00000000e+00  1.85460308e-68 
 5.00000000e-02  5.00000000e-02  9.00000000e-01 -1.49926519e-04  1.49926519e-04  7.04649154e-15  0.00000000e+00  6.36423500e-20 
 1.00000000e-01  1.00000000e-01  9.00000000e-01 -2.60557177e-04  2.60557177e-04  9.19789845e-15  0.00000000e+00  3.91026322e-20 
 1.50000000e-01  1.50000000e-01  9.00000000e-01 -3.36428295e-04  3.36428295e-04  9.87906816e-15  0.00000000e+00  3.48012912e-20 
 2.00000000e-01  2.00000000e-01  9.00000000e-01 -3.84263061e-04  3.84263061e-04  1.01186607e-14  0.00000000e+00  1.86877559e-20 
 2.50000000e-01  2.50000000e-01  9.00000000e-01 -4.15071735e-04  4.15071735e-04  1.02256324e-14  0.00000000e+00  2.91398212e-19 
 3.00000000e-01  3.00000000e-01  9.00000000e-01 -4.37633488e-04  4.37633488e-04  1.02927746e-14  0.00000000e+00  6.39297910e-20 
 3.50000000e-01  3.50000000e-01  9.00000000e-01 -4.56066700e-04  4.56066700e-04  1.03479561e-14  0.00000000e+00  4.82550500e-19 
 4.00000000e-01  4.00000000e-01  9.00000000e-01 -4.72169565e-04  4.72169565e-04  1.03995471e-14  0.00000000e+00  1.17163238e-20 
 4.50000000e-01  4.50000000e-01  9.00000000e-01 -4.86814732e-04  4.86814732e-04  1.04500613e-14  0.00000000e+00  1.83947520e-19 
 5.00000000e-01  5.00000000e-01  9.00000000e-01 -5.00476268e-04  5.00476268e-04  1.05002537e-14  0.00000000e+00  2.44335573e-19 
 5.50000000e-01  5.50000000e-01  9.00000000e-01 -5.13435965e-04  5.13435965e-04  1.05503509e-14  0.00000000e+00  4.13252594e-19 
 6.00000000e-01  6.00000000e-01  9.00000000e-01 -5.25873342e-04  5.25873342e-04  1.06035724e-14  0.00000000e+00  1.83589039e-19 
 6.50000000e-01  6.50000000e-01  9.00000000e-01 -5.37909086e-04  5.37909086e-04  1.07567538e-14  0.00000000e+00  1.58047405e-19 
 7.00000000e-01  7.00000000e-01  9.00000000e-01 -5.49627866e-04  5.49627866e-04  1.24222796e-14  0.00000000e+00  2.92049134e-19 
 7.50000000e-01  7.50000000e-01  9.00000000e-01 -5.61091166e-04  5.61091166e-04  2.82814477e-14  0.00000000e+00  2.50890392e-19 
 8.00000000e-01  8.00000000e-01  9.00000000e-01 -5.72344912e-04  5.72344912e-04  1.36085720e-13  0.00000000e+00  3.01390570e-19 
 8.50000000e-01  8.50000000e-01  9.00000000e-01 -5.83424233e-04  5.83424233e-04  6.89154575e-13  0.00000000e+00  2.12574626e-19 
 9.00000000e-01  9.00000000e-01  9.00000000e-01 -5.94356542e-04  5.94356539e-04  2.95259750e-12  0.00000000e+00  1.92415934e-19 
 9.50000000e-01  9.50000000e-01  9.00000000e-01 -6.05163601e-04  6.05163590e-04  1.06658549e-11  0.00000000e+00  4.82875547e-19 
 1.00000000e+00  1.00000000e+00  9.00000000e-01 -6.15862950e-04  6.15862917e-04  3.32862003e-11  0.00000000e+00  1.78324882e-19 
 1.05000000e+00  1.05000000e+00  9.00000000e-01 -6.26468917e-04  6.26468825e-04  9.18572882e-11  0.00000000e+00  4.33361539e-19 
 1.10000000e+00  1.10000000e+00  9.00000000e-01 -6.36993356e-04  6.36993127e-04  2.28490816e-10  0.00000000e+00  4.11716225e-20 
 1.15000000e+00  1.15000000e+00  9.00000000e-01 -6.47446192e-04  6.47445672e-04  5.20309671e-10  0.00000000e+00  8.87451060e-20 
 1.20000000e+00  1.20000000e+00  9.00000000e-01 -6.57835844e-04  6.57834745e-04  1.09839400e-09  0.00000000e+00  7.21468998e-20 
 0.00000000e+00  0.00000000e+00  1.00000000e+00  5.19886123e-53  2.78916142e-53 -7.98802264e-53  0.00000000e+00  9.27301538e-69 
 5.00000000e-02  5.00000000e-02  1.00000000e+00 -2.17963169e-04  2.17963169e-04  7.04649174e-15  0.00000000e+00  6.34426222e-20 
 1.00000000e-01  1.00000000e-01  1.00000000e+00 -3.90505824e-04  3.90505824e-04  9.19789924e-15  0.00000000e+00  3.83062749e-20 
 1.50000000e-01  1.50000000e-01  1.00000000e+00 -5.21617727e-04  5.21617727e-04  9.87906994e-15  0.00000000e+00  2.53422810e-19 
 2.00000000e-01  2.00000000e-01  1.00000000e+00 -6.14372786e-04  6.14372786e-04  1.01186665e-14  0.00000000e+00  1.92351240e-19 
 2.50000000e-01  2.50000000e-01  1.00000000e+00 -6.75478179e-04  6.75478179e-04  1.02256512e-14  0.00000000e+00  3.23688963e-19 
 3.00000000e-01  3.00000000e-01  1.00000000e+00 -7.17137853e-04  7.17137853e-04  1.02928145e-14  0.00000000e+00  1.67253716e-19 
 3.50000000e-01  3.50000000e-01  1.00000000e+00 -7.48624470e-04  7.48624470e-04  1.03480216e-14  0.00000000e+00  3.96095363e-19 
 4.00000000e-01  4.00000000e-01  1.00000000e+00 -7.74551240e-04  7.74551240e-04  1.03996408e-14  0.00000000e+00  4.07229891e-19 
 4.50000000e-01  4.50000000e-01  1.00000000e+00 -7.97136017e-04  7.97136017e-04  1.04501849e-14  0.00000000e+00  2.10645764e-19 
 5.00000000e-01  5.00000000e-01  1.00000000e+00 -8.17538982e-04  8.17538982e-04  1.05004083e-14  0.00000000e+00  1.27130445e-19 
 5.50000000e-01  5.50000000e-01  1.00000000e+00 -8.36424385e-04  8.36424385e-04  1.05505376e-14  0.00000000e+00  5.05742258e-20 
 6.00000000e-01  6.00000000e-01  1.00000000e+00 -8.54202124e-04  8.54202124e-04  1.06006406e-14  0.00000000e+00  1.79096151e-19 
 6.50000000e-01  6.50000000e-01  1.00000000e+00 -8.71140672e-04  8.71140672e-04  1.06755946e-14  0.00000000e+00  1.06289172e-19 
 7.00000000e-01  7.00000000e-01  1.00000000e+00 -8.87424427e-04  8.87424427e-04  1.12765009e-14  0.00000000e+00  6.90310887e-20 
 7.50000000e-01  7.50000000e-01  1.00000000e+00 -9.03184990e-04  9.03184990e-04  1.82961042e-14  0.00000000e+00  2.43492049e-20 
 8.00000000e-01  8.00000000e-01  1.00000000e+00 -9.18519286e-04  9.18519286e-04  7.62704035e-14  0.00000000e+00  2.50151643e-19 
 8.50000000e-01  8.50000000e-01  1.00000000e+00 -9.33500593e-04  9.33500592e-04  4.23738139e-13  0.00000000e+00  2.70986379e-19 
 9.00000000e-01  9.00000000e-01  1.00000000e+00 -9.48185546e-04  9.48185544e-04  2.03396393e-12  0.00000000e+00  2.25211666e-19 
 9.50000000e-01  9.50000000e-01  1.00000000e+00 -9.62618754e-04  9.62618746e-04  8.10140863e-12  0.00000000e+00  2.41160160e-19 
 1.00000000e+00  1.00000000e+00  1.00000000e+00 -9.76835931e-04  9.76835903e-04  2.74196117e-11  0.00000000e+00  4.22086737e-19 
 1.05000000e+00  1.05000000e+00  1.00000000e+00 -9.90866086e-04  9.90866005e-04  8.09557294e-11  0.00000000e+00  1.18166305e-19 
 1.10000000e+00  1.10000000e+00  1.00000000e+00 -1.00473309e-03  1.00473288e-03  2.13120065e-10  0.00000000e+00  2.31700760e-19 
 1.15000000e+00  1.15000000e+00  1.00000000e+00 -1.01845685e-03  1.01845634e-03  5.09155109e-10  0.00000000e+00  3.28138723e-19 
 1.20000000e+00  1.20000000e+00  1.00000000e+00 -1.03205411e-03  1.03205299e-03  1.11970997e-09  0.00000000e+00  5.26568702e-19 
 0.00000000e+00  0.00000000e+00  1.10000000e+00  5.17959351e-53  2.76989371e-53 -7.94948722e-53  0.00000000e+00  1.85460308e-68 
 5.00000000e-02  5.00000000e-02  1.10000000e+00 -2.82799903e-04  2.82799903e-04  7.04649190e-15  0.00000000e+00  6.32786906e-20 
 1.00000000e-01  1.00000000e-01  1.10000000e+00 -5.15643034e-04  5.15643034e-04  9.19789990e-15  0.00000000e+00  3.76549284e-20 
 1.50000000e-01  1.50000000e-01  1.10000000e+00 -7.02563074e-04  7.02563074e-04  9.87907123e-15  0.00000000e+00  3.78703786e-20 
 2.00000000e-01  2.00000000e-01  1.10000000e+00 -8.45448541e-04  8.45448541e-04  1.01186692e-14  0.00000000e+00  1.89707719e-19 
 2.50000000e-01  2.50000000e-01  1.10000000e+00 -9.45969207e-04  9.45969207e-04  1.02256614e-14  0.00000000e+00  3.33906362e-19 
 3.00000000e-01  3.00000000e-01  1.10000000e+00 -1.01373916e-03  1.01373916e-03  1.02928426e-14  0.00000000e+00  1.39148578e-19 
 3.50000000e-01  3.50000000e-01  1.10000000e+00 -1.06227447e-03  1.06227447e-03  1.03480748e-14  0.00000000e+00  4.49254000e-19 
 4.00000000e-01  4.00000000e-01  1.10000000e+00 -1.10024811e-03  1.10024811e-03  1.03997229e-14  0.00000000e+00  5.56932055e-20 
 4.50000000e-01  4.50000000e-01  1.10000000e+00 -1.13204108e-03  1.13204108e-03  1.04502983e-14  0.00000000e+00  3.24084654e-19 
 5.00000000e-01  5.00000000e-01  1.10000000e+00 -1.15991006e-03  1.15991006e-03  1.05005546e-14  0.00000000e+00  2.73396103e-19 
 5.50000000e-01  5.50000000e-01  1.10000000e+00 -1.18511192e-03  1.18511192e-03  1.05507178e-14  0.00000000e+00  3.46486679e-19 
 6.00000000e-01  6.00000000e-01  1.10000000e+00 -1.20840204e-03  1.20840204e-03  1.06008556e-14  0.00000000e+00  1.77328517e-19 
 6.50000000e-01  6.50000000e-01  1.10000000e+00 -1.23026410e-03  1.23026410e-03  1.06564990e-14  0.00000000e+00  3.09491708e-19 
 7.00000000e-01  7.00000000e-01  1.10000000e+00 -1.25102411e-03  1.25102411e-03  1.09006571e-14  0.00000000e+00  1.28351989e-19 
 7.50000000e-01  7.50000000e-01  1.10000000e+00 -1.27091113e-03  1.27091113e-03  1.40707211e-14  0.00000000e+00  1.62161314e-19 
 8.00000000e-01  8.00000000e-01  1.10000000e+00 -1.29009167e-03  1.29009167e-03  4.52585919e-14  0.00000000e+00  9.01188084e-20 
 8.50000000e-01  8.50000000e-01  1.10000000e+00 -1.30869029e-03  1.30869029e-03  2.60713811e-13  0.00000000e+00  1.65877889e-19 
 9.00000000e-01  9.00000000e-01  1.10000000e+00 -1.32680237e-03  1.32680237e-03  1.37866249e-12  0.00000000e+00  1.13850661e-19 
 9.50000000e-01  9.50000000e-01  1.10000000e+00 -1.34450245e-03  1.34450245e-03  5.99214087e-12  0.00000000e+00  2.71463233e-19 
 1.00000000e+00  1.00000000e+00  1.10000000e+00 -1.36184984e-03  1.36184982e-03  2.18094741e-11  0.00000000e+00  3.90568823e-19 
 1.05000000e+00  1.05000000e+00  1.10000000e+00 -1.37889242e-03  1.37889235e-03  6.83965900e-11  0.00000000e+00  2.76483672e-19 
 1.10000000e+00  1.10000000e+00  1.10000000e+00 -1.39566940e-03  1.39566921e-03  1.89376889e-10  0.00000000e+00  4.72641774e-19 
 1.15000000e+00  1.15000000e+00  1.10000000e+00 -1.41221329e-03  1.41221282e-03  4.72104893e-10  0.00000000e+00  3.90244167e-19 
 1.20000000e+00  1.20000000e+00  1.10000000e+00 -1.42855138e-03  1.42855031e-03  1.07649200e-09  0.00000000e+00  5.26553606e-19 
 0.00000000e+00  0.00000000e+00  1.20000000e+00  2.81690527e-44  2.81690527e-44 -5.63381054e-44  0.00000000e+00  9.95682444e-60 
 5.00000000e-02  5.00000000e-02  1.20000000e+00 -3.43621670e-04  3.43621670e-04  7.04649204e-15  0.00000000e+00  6.31446236e-20 
 1.00000000e-01  1.00000000e-01  1.20000000e+00 -6.33820002e-04  6.33820002e-04  9.19790042e-15  0.00000000e+00  1.45548357e-19 
 1.50000000e-01  1.50000000e-01  1.20000000e+00 -8.74773560e-04  8.74773560e-04  9.87907222e-15  0.00000000e+00  3.88625491e-20 
 2.00000000e-01  2.00000000e-01  1.20000000e+00 -1.06825535e-03  1.06825535e-03  1.01186704e-14  0.00000000e+00  1.88427812e-19 
 2.50000000e-01  2.50000000e-01  1.20000000e+00 -1.21312534e-03  1.21312534e-03  1.02256659e-14  0.00000000e+00  1.21526163e-19 
 3.00000000e-01  3.00000000e-01  1.20000000e+00 -1.31336898e-03  1.31336898e-03  1.02928600e-14  0.00000000e+00  1.21738157e-19 
 3.50000000e-01  3.50000000e-01  1.20000000e+00 -1.38320890e-03  1.38320890e-03  1.03481147e-14  0.00000000e+00  5.54991468e-20 
 4.00000000e-01  4.00000000e-01  1.20000000e+00 -1.43565120e-03  1.43565120e-03  1.03997910e-14  0.00000000e+00  1.23782831e-19 
 4.50000000e-01  4.50000000e-01  1.20000000e+00 -1.47803298e-03  1.47803298e-03  1.04503977e-14  0.00000000e+00  2.27017367e-19 
 5.00000000e-01  5.00000000e-01  1.20000000e+00 -1.51416875e-03  1.51416875e-03  1.05006873e-14  0.00000000e+00  2.75850483e-20 
 5.50000000e-01  5.50000000e-01  1.20000000e+00 -1.54614589e-03  1.54614589e-03  1.05508851e-14  0.00000000e+00  1.36717908e-19 
 6.00000000e-01  6.00000000e-01  1.20000000e+00 -1.57519209e-03  1.57519209e-03  1.06010586e-14  0.00000000e+00  2.70260305e-19 
 6.50000000e-01  6.50000000e-01  1.20000000e+00 -1.60207808e-03  1.60207808e-03  1.06516900e-14  0.00000000e+00  2.71054691e-19 
 7.00000000e-01  7.00000000e-01  1.20000000e+00 -1.62731465e-03  1.62731465e-03  1.07710883e-14  0.00000000e+00  1.90267280e-19 
 7.50000000e-01  7.50000000e-01  1.20000000e+00 -1.65125559e-03  1.65125559e-03  1.22261892e-14  0.00000000e+00  3.58662395e-19 
 8.00000000e-01  8.00000000e-01  1.20000000e+00 -1.67415509e-03  1.67415509e-03  2.89855262e-14  0.00000000e+00  4.02073756e-19 
 8.50000000e-01  8.50000000e-01  1.20000000e+00 -1.69620136e-03  1.69620136e-03  1.61432978e-13  0.00000000e+00  4.79024097e-19 
 9.00000000e-01  9.00000000e-01  1.20000000e+00 -1.71753731e-03  1.71753731e-03  9.26165400e-13  0.00000000e+00  4.39280956e-19 
 9.50000000e-01  9.50000000e-01  1.20000000e+00 -1.73827384e-03  1.73827384e-03  4.36387604e-12  0.00000000e+00  4.64186893e-19 
 1.00000000e+00  1.00000000e+00  1.20000000e+00 -1.75849862e-03  1.75849861e-03  1.69964442e-11  0.00000000e+00  4.25092870e-19 
 1.05000000e+00  1.05000000e+00  1.20000000e+00 -1.77828207e-03  1.77828201e-03  5.63805064e-11  0.00000000e+00  2.42123404e-19 
 1.10000000e+00  1.10000000e+00  1.20000000e+00 -1.79768155e-03  1.79768139e-03  1.63589122e-10  0.00000000e+00  6.21152488e-19 
 1.15000000e+00  1.15000000e+00  1.20000000e+00 -1.81674444e-03  1.81674401e-03  4.24199289e-10  0.00000000e+00  1.27703658e-19 
 1.20000000e+00  1.20000000e+00  1.20000000e+00 -1.83551030e-03  1.83550930e-03  1.00011631e-09  0.00000000e+00  1.55741152e-19 
