 v-sweep         v(drain_iv)     v(gate_iv)      id              is              ib              ig              kcl            
 0.00000000e+00  0.00000000e+00  6.00000000e-01  7.50990980e-54  4.11927759e-54 -1.16291874e-53  0.00000000e+00  2.31825384e-69 
 5.00000000e-02  5.00000000e-02  6.00000000e-01 -1.09250303e-05  1.09250303e-05  6.58779263e-15  0.00000000e+00  4.04502448e-21 
 1.00000000e-01  1.00000000e-01  6.00000000e-01 -1.52030150e-05  1.52030150e-05  8.90131297e-15  0.00000000e+00  2.32939829e-20 
 1.50000000e-01  1.50000000e-01  6.00000000e-01 -1.73210131e-05  1.73210131e-05  9.73499192e-15  0.00000000e+00  8.56518981e-21 
 2.00000000e-01  2.00000000e-01  6.00000000e-01 -1.89581627e-05  1.89581626e-05  1.00563192e-14  0.00000000e+00  1.20405148e-20 
 2.50000000e-01  2.50000000e-01  6.00000000e-01 -2.04308465e-05  2.04308465e-05  1.02002599e-14  0.00000000e+00  3.27091638e-20 
 3.00000000e-01  3.00000000e-01  6.00000000e-01 -2.18245539e-05  2.18245539e-05  1.02827858e-14  0.00000000e+00  2.13566428e-20 
 3.50000000e-01  3.50000000e-01  6.00000000e-01 -2.31730853e-05  2.31730853e-05  1.03440488e-14  0.00000000e+00  1.13262900e-20 
 4.00000000e-01  4.00000000e-01  6.00000000e-01 -2.44930120e-05  2.44930120e-05  1.03979503e-14  0.00000000e+00  2.52222555e-21 
 4.50000000e-01  4.50000000e-01  6.00000000e-01 -2.57935854e-05  2.57935854e-05  1.04493033e-14  0.00000000e+00  6.66728042e-21 
 5.00000000e-01  5.00000000e-01  6.00000000e-01 -2.70804350e-05  2.70804350e-05  1.04998392e-14  0.00000000e+00  1.54130837e-20 
 5.50000000e-01  5.50000000e-01  6.00000000e-01 -2.83572021e-05  2.83572020e-05  1.05530174e-14  0.00000000e+00  1.01936417e-20 
 6.00000000e-01  6.00000000e-01  6.00000000e-01 -2.96263513e-05  2.96263513e-05  1.06573071e-14  0.00000000e+00  3.84354108e-21 
 6.50000000e-01  6.50000000e-01  6.00000000e-01 -3.08896104e-05  3.08896104e-05  1.12982235e-14  0.00000000e+00  3.38854047e-21 
 7.00000000e-01  7.00000000e-01  6.00000000e-01 -3.21482241e-05  3.21482241e-05  1.57372287e-14  0.00000000e+00  7.02849561e-21 
 7.50000000e-01  7.50000000e-01  6.00000000e-01 -3.34031089e-05  3.34031088e-05  3.99583111e-14  0.00000000e+00  4.80982686e-20 
 8.00000000e-01  8.00000000e-01  6.00000000e-01 -3.46549519e-05  3.46549517e-05  1.44958269e-13  0.00000000e+00  1.80957218e-20 
 8.50000000e-01  8.50000000e-01  6.00000000e-01 -3.59042757e-05  3.59042752e-05  5.21160699e-13  0.00000000e+00  3.56689293e-20 
 9.00000000e-01  9.00000000e-01  6.00000000e-01 -3.71514825e-05  3.71514809e-05  1.67365765e-12  0.00000000e+00  8.61560977e-20 
 9.50000000e-01  9.50000000e-01  6.00000000e-01 -3.83968854e-05  3.83968806e-05  4.77468486e-12  0.00000000e+00  4.68046005e-20 
 1.00000000e+00  1.00000000e+00  6.00000000e-01 -3.96407304e-05  3.96407182e-05  1.22601556e-11  0.00000000e+00  2.53400512e-20 
 1.05000000e+00  1.05000000e+00  6.00000000e-01 -4.08832135e-05  4.08831848e-05  2.87458251e-11  0.00000000e+00  5.93311224e-20 
 1.10000000e+00  1.10000000e+00  6.00000000e-01 -4.21244936e-05  4.21244312e-05  6.23246260e-11  0.00000000e+00  2.79500452e-21 
 1.15000000e+00  1.15000000e+00  6.00000000e-01 -4.33647027e-05  4.33645764e-05  1.26282100e-10  0.00000000e+00  1.28876032e-20 
 1.20000000e+00  1.20000000e+00  6.00000000e-01 -4.46039551e-05  4.46037139e-05  2.41236014e-10  0.00000000e+00  2.94353772e-20 
 0.00000000e+00  0.00000000e+00  7.00000000e-01  7.33451594e-54  3.94388374e-54 -1.12783997e-53  0.00000000e+00  4.63650769e-69 
 5.00000000e-02  5.00000000e-02  7.00000000e-01 -3.97895484e-05  3.97895484e-05  6.58779290e-15  0.00000000e+00  1.78675671e-20 
 1.00000000e-01  1.00000000e-01  7.00000000e-01 -6.15396390e-05  6.15396389e-05  8.90131453e-15  0.00000000e+00  1.46892526e-20 
 1.50000000e-01  1.50000000e-01  7.00000000e-01 -7.23123851e-05  7.23123851e-05  9.73499692e-15  0.00000000e+00  1.37285992e-20 
 2.00000000e-01  2.00000000e-01  7.00000000e-01 -7.90457034e-05  7.90457034e-05  1.00563294e-14  0.00000000e+00  3.87355020e-20 
 2.50000000e-01  2.50000000e-01  7.00000000e-01 -8.43928187e-05  8.43928187e-05  1.02002763e-14  0.00000000e+00  4.67936509e-20 
 3.00000000e-01  3.00000000e-01  7.00000000e-01 -8.91201143e-05  8.91201143e-05  1.02828091e-14  0.00000000e+00  3.24227882e-20 
 3.50000000e-01  3.50000000e-01  7.00000000e-01 -9.35079107e-05  9.35079107e-05  1.03440796e-14  0.00000000e+00  4.54394961e-20 
 4.00000000e-01  4.00000000e-01  7.00000000e-01 -9.76849737e-05  9.76849736e-05  1.03979890e-14  0.00000000e+00  7.90473042e-20 
 4.50000000e-01  4.50000000e-01  7.00000000e-01 -1.01720078e-04  1.01720078e-04  1.04493504e-14  0.00000000e+00  1.31063108e-20 
 5.00000000e-01  5.00000000e-01  7.00000000e-01 -1.05653896e-04  1.05653896e-04  1.04998300e-14  0.00000000e+00  2.31106362e-20 
 5.50000000e-01  5.50000000e-01  7.00000000e-01 -1.09512288e-04  1.09512288e-04  1.05512683e-14  0.00000000e+00  5.17425166e-20 
 6.00000000e-01  6.00000000e-01  7.00000000e-01 -1.13312608e-04  1.13312608e-04  1.06368158e-14  0.00000000e+00  7.42032557e-20 
 6.50000000e-01  6.50000000e-01  7.00000000e-01 -1.17067001e-04  1.17067001e-04  1.12055920e-14  0.00000000e+00  5.75882230e-20 
 7.00000000e-01  7.00000000e-01  7.00000000e-01 -1.20784249e-04  1.20784249e-04  1.60776719e-14  0.00000000e+00  7.85848927e-20 
 7.50000000e-01  7.50000000e-01  7.00000000e-01 -1.24470877e-04  1.24470877e-04  4.77446158e-14  0.00000000e+00  6.99869818e-20 
 8.00000000e-01  8.00000000e-01  7.00000000e-01 -1.28131842e-04  1.28131842e-04  2.05353880e-13  0.00000000e+00  1.34126439e-19 
 8.50000000e-01  8.50000000e-01  7.00000000e-01 -1.31770978e-04  1.31770977e-04  8.35973572e-13  0.00000000e+00  2.86219014e-20 
 9.00000000e-01  9.00000000e-01  7.00000000e-01 -1.35391301e-04  1.35391298e-04  2.94854871e-12  0.00000000e+00  8.12201309e-20 
 9.50000000e-01  9.50000000e-01  7.00000000e-01 -1.38995215e-04  1.38995206e-04  9.06437226e-12  0.00000000e+00  1.47655245e-20 
 1.00000000e+00  1.00000000e+00  7.00000000e-01 -1.42584661e-04  1.42584636e-04  2.47470481e-11  0.00000000e+00  7.24190099e-20 
 1.05000000e+00  1.05000000e+00  7.00000000e-01 -1.46161224e-04  1.46161163e-04  6.10694088e-11  0.00000000e+00  2.16487655e-19 
 1.10000000e+00  1.10000000e+00  7.00000000e-01 -1.49726220e-04  1.49726082e-04  1.38245001e-10  0.00000000e+00  1.67748351e-20 
 1.15000000e+00  1.15000000e+00  7.00000000e-01 -1.53280752e-04  1.53280462e-04  2.90580519e-10  0.00000000e+00  5.81506937e-20 
 1.20000000e+00  1.20000000e+00  7.00000000e-01 -1.56825767e-04  1.56825195e-04  5.72805935e-10  0.00000000e+00  5.66706608e-20 
 0.00000000e+00  0.00000000e+00  8.00000000e-01  7.15912209e-54  3.76848988e-54 -1.09276120e-53  0.00000000e+00  0.00000000e+00 
 5.00000000e-02  5.00000000e-02  8.00000000e-01 -9.08401645e-05  9.08401645e-05  6.58779314e-15  0.00000000e+00  3.61015812e-20 
 1.00000000e-01  1.00000000e-01  8.00000000e-01 -1.53603389e-04  1.53603389e-04  8.90131565e-15  0.00000000e+00  1.58175447e-20 
 1.50000000e-01  1.50000000e-01  8.00000000e-01 -1.92809823e-04  1.92809823e-04  9.73500118e-15  0.00000000e+00  5.01306862e-20 
 2.00000000e-01  2.00000000e-01  8.00000000e-01 -2.16131854e-04  2.16131854e-04  1.00563418e-14  0.00000000e+00  1.49859459e-19 
 2.50000000e-01  2.50000000e-01  8.00000000e-01 -2.31761693e-04  2.31761693e-04  1.02003009e-14  0.00000000e+00  3.57839080e-20 
 3.00000000e-01  3.00000000e-01  8.00000000e-01 -2.43966618e-04  2.43966618e-04  1.02828480e-14  0.00000000e+00  7.77593203e-20 
 3.50000000e-01  3.50000000e-01  8.00000000e-01 -2.54432607e-04  2.54432607e-04  1.03441341e-14  0.00000000e+00  8.64721336e-20 
 4.00000000e-01  4.00000000e-01  8.00000000e-01 -2.63886367e-04  2.63886367e-04  1.03980603e-14  0.00000000e+00  7.35501841e-20 
 4.50000000e-01  4.50000000e-01  8.00000000e-01 -2.72689580e-04  2.72689580e-04  1.04494392e-14  0.00000000e+00  6.12693316e-20 
 5.00000000e-01  5.00000000e-01  8.00000000e-01 -2.81044285e-04  2.81044285e-04  1.04999371e-14  0.00000000e+00  8.95626335e-20 
 5.50000000e-01  5.50000000e-01  8.00000000e-01 -2.89073476e-04  2.89073476e-04  1.05501308e-14  0.00000000e+00  2.47396115e-19 
 6.00000000e-01  6.00000000e-01  8.00000000e-01 -2.96857034e-04  2.96857034e-04  1.06067080e-14  0.00000000e+00  2.58657903e-19 
 6.50000000e-01  6.50000000e-01  8.00000000e-01 -3.04449500e-04  3.04449500e-04  1.08114113e-14  0.00000000e+00  1.82544884e-20 
 7.00000000e-01  7.00000000e-01  8.00000000e-01 -3.11889611e-04  3.11889611e-04  1.29128380e-14  0.00000000e+00  2.06985764e-19 
 7.50000000e-01  7.50000000e-01  8.00000000e-01 -3.19205774e-04  3.19205774e-04  3.06487314e-14  0.00000000e+00  7.07333796e-20 
 8.00000000e-01  8.00000000e-01  8.00000000e-01 -3.26419376e-04  3.26419376e-04  1.39932666e-13  0.00000000e+00  2.21034139e-19 
 8.50000000e-01  8.50000000e-01  8.00000000e-01 -3.33546875e-04  3.33546874e-04  6.58583136e-13  0.00000000e+00  2.40612904e-20 
 9.00000000e-01  9.00000000e-01  8.00000000e-01 -3.40601176e-04  3.40601174e-04  2.65265985e-12  0.00000000e+00  3.19097963e-20 
 9.50000000e-01  9.50000000e-01  8.00000000e-01 -3.47592565e-04  3.47592556e-04  9.11212045e-12  0.00000000e+00  2.25707269e-19 
 1.00000000e+00  1.00000000e+00  8.00000000e-01 -3.54529352e-04  3.54529325e-04  2.72838286e-11  0.00000000e+00  2.22489752e-19 
 1.05000000e+00  1.05000000e+00  8.00000000e-01 -3.61418343e-04  3.61418270e-04  7.27425257e-11  0.00000000e+00  1.36120079e-19 
 1.10000000e+00  1.10000000e+00  8.00000000e-01 -3.68265178e-04  3.68265002e-04  1.75778477e-10  0.00000000e+00  8.54591827e-20 
 1.15000000e+00  1.15000000e+00  8.00000000e-01 -3.75074592e-04  3.75074201e-04  3.90570612e-10  0.00000000e+00  1.33153124e-19 
 1.20000000e+00  1.20000000e+00  8.00000000e-01 -3.81850610e-04  3.81849803e-04  8.07413399e-10  0.00000000e+00  4.56967658e-20 
 0.00000000e+00  0.00000000e+00  9.00000000e-01  6.98372824e-54  3.59309603e-54 -1.05768243e-53  0.00000000e+00  0.00000000e+00 
 5.00000000e-02  5.00000000e-02  9.00000000e-01 -1.50414207e-04  1.50414207e-04  6.58779333e-15  0.00000000e+00  3.59114703e-20 
 1.00000000e-01  1.00000000e-01  9.00000000e-01 -2.66133278e-04  2.66133278e-04  8.90131642e-15  0.00000000e+00  1.65813169e-20 
 1.50000000e-01  1.50000000e-01  9.00000000e-01 -3.50561375e-04  3.50561375e-04  9.73500311e-15  0.00000000e+00  4.81930020e-20 
 2.00000000e-01  2.00000000e-01  9.00000000e-01 -4.07588191e-04  4.07588191e-04  1.00563488e-14  0.00000000e+00  1.56781152e-19 
 2.50000000e-01  2.50000000e-01  9.00000000e-01 -4.44618381e-04  4.44618381e-04  1.02003204e-14  0.00000000e+00  1.46372944e-19 
 3.00000000e-01  3.00000000e-01  9.00000000e-01 -4.70597622e-04  4.70597622e-04  1.02828858e-14  0.00000000e+00  6.70761864e-20 
 3.50000000e-01  3.50000000e-01  9.00000000e-01 -4.90950940e-04  4.90950940e-04  1.03441933e-14  0.00000000e+00  1.45621871e-19 
 4.00000000e-01  4.00000000e-01  9.00000000e-01 -5.08195339e-04  5.08195339e-04  1.03981426e-14  0.00000000e+00  1.01711643e-19 
 4.50000000e-01  4.50000000e-01  9.00000000e-01 -5.23538758e-04  5.23538758e-04  1.04495461e-14  0.00000000e+00  5.47632100e-19 
 5.00000000e-01  5.00000000e-01  9.00000000e-01 -5.37622222e-04  5.37622222e-04  1.05000695e-14  0.00000000e+00  3.30413013e-19 
 5.50000000e-01  5.50000000e-01  9.00000000e-01 -5.50818549e-04  5.50818549e-04  1.05502897e-14  0.00000000e+00  1.90085407e-19 
 6.00000000e-01  6.00000000e-01  9.00000000e-01 -5.63360994e-04  5.63360994e-04  1.06007620e-14  0.00000000e+00  1.33163641e-19 
 6.50000000e-01  6.50000000e-01  9.00000000e-01 -5.75404105e-04  5.75404105e-04  1.06819396e-14  0.00000000e+00  7.04366869e-19 
 7.00000000e-01  7.00000000e-01  9.00000000e-01 -5.87055041e-04  5.87055041e-04  1.13435692e-14  0.00000000e+00  3.20814688e-19 
 7.50000000e-01  7.50000000e-01  9.00000000e-01 -5.98390882e-04  5.98390882e-04  1.84976485e-14  0.00000000e+00  2.92082759e-19 
 8.00000000e-01  8.00000000e-01  9.00000000e-01 -6.09468761e-04  6.09468761e-04  7.38366239e-14  0.00000000e+00  3.62965704e-19 
 8.50000000e-01  8.50000000e-01  9.00000000e-01 -6.20332104e-04  6.20332104e-04  3.88889139e-13  0.00000000e+00  8.52543371e-20 
 9.00000000e-01  9.00000000e-01  9.00000000e-01 -6.31014619e-04  6.31014618e-04  1.79049112e-12  0.00000000e+00  5.13411064e-19 
 9.50000000e-01  9.50000000e-01  9.00000000e-01 -6.41542954e-04  6.41542947e-04  6.90114213e-12  0.00000000e+00  2.83020389e-19 
 1.00000000e+00  1.00000000e+00  9.00000000e-01 -6.51938505e-04  6.51938482e-04  2.27436085e-11  0.00000000e+00  1.53447784e-19 
 1.05000000e+00  1.05000000e+00  9.00000000e-01 -6.62218697e-04  6.62218631e-04  6.56925371e-11  0.00000000e+00  2.51489828e-19 
 1.10000000e+00  1.10000000e+00  9.00000000e-01 -6.72397899e-04  6.72397729e-04  1.69803382e-10  0.00000000e+00  1.19963342e-19 
 1.15000000e+00  1.15000000e+00  9.00000000e-01 -6.82488109e-04  6.82487710e-04  3.99470557e-10  0.00000000e+00  9.70851545e-21 
 1.20000000e+00  1.20000000e+00  9.00000000e-01 -6.92499466e-04  6.92498598e-04  8.67099398e-10  0.00000000e+00  1.82840726e-19 
 0.00000000e+00  0.00000000e+00  1.00000000e+00  6.80833438e-54  3.41770218e-54 -1.02260366e-53  0.00000000e+00  1.15912692e-69 
 5.00000000e-02  5.00000000e-02  1.00000000e+00 -2.09104544e-04  2.09104543e-04  6.58779348e-15  0.00000000e+00  3.57589231e-20 
 1.00000000e-01  1.00000000e-01  1.00000000e+00 -3.78886166e-04  3.78886166e-04  8.90131702e-15  0.00000000e+00  1.71847795e-20 
 1.50000000e-01  1.50000000e-01  1.00000000e+00 -5.12641893e-04  5.12641893e-04  9.73500432e-15  0.00000000e+00  4.69884099e-20 
 2.00000000e-01  2.00000000e-01  1.00000000e+00 -6.12619470e-04  6.12619470e-04  1.00563516e-14  0.00000000e+00  1.59577832e-19 
 2.50000000e-01  2.50000000e-01  1.00000000e+00 -6.81891652e-04  6.81891651e-04  1.02003310e-14  0.00000000e+00  5.98844446e-20 
 3.00000000e-01  3.00000000e-01  1.00000000e+00 -7.28928297e-04  7.28928297e-04  1.02829129e-14  0.00000000e+00  1.22688737e-19 
 3.50000000e-01  3.50000000e-01  1.00000000e+00 -7.63315196e-04  7.63315196e-04  1.03442427e-14  0.00000000e+00  3.47057915e-19 
 4.00000000e-01  4.00000000e-01  1.00000000e+00 -7.90765323e-04  7.90765323e-04  1.03982175e-14  0.00000000e+00  1.48665342e-19 
 4.50000000e-01  4.50000000e-01  1.00000000e+00 -8.14122574e-04  8.14122574e-04  1.04496483e-14  0.00000000e+00  1.07807877e-19 
 5.00000000e-01  5.00000000e-01  1.00000000e+00 -8.34858270e-04  8.34858270e-04  1.05002005e-14  0.00000000e+00  8.06850756e-20 
 5.50000000e-01  5.50000000e-01  1.00000000e+00 -8.53798683e-04  8.53798683e-04  1.05504504e-14  0.00000000e+00  2.95923342e-19 
 6.00000000e-01  6.00000000e-01  1.00000000e+00 -8.71444442e-04  8.71444442e-04  1.06005975e-14  0.00000000e+00  1.36013850e-19 
 6.50000000e-01  6.50000000e-01  1.00000000e+00 -8.88118383e-04  8.88118383e-04  1.06562834e-14  0.00000000e+00  3.10765230e-19 
 7.00000000e-01  7.00000000e-01  1.00000000e+00 -9.04039405e-04  9.04039405e-04  1.08841319e-14  0.00000000e+00  4.31480039e-20 
 7.50000000e-01  7.50000000e-01  1.00000000e+00 -9.19362084e-04  9.19362084e-04  1.36791946e-14  0.00000000e+00  3.26098985e-20 
 8.00000000e-01  8.00000000e-01  1.00000000e+00 -9.34199266e-04  9.34199266e-04  4.03002487e-14  0.00000000e+00  4.53971922e-19 
 8.50000000e-01  8.50000000e-01  1.00000000e+00 -9.48635640e-04  9.48635640e-04  2.19873986e-13  0.00000000e+00  4.66082164e-20 
 9.00000000e-01  9.00000000e-01  1.00000000e+00 -9.62736259e-04  9.62736258e-04  1.13449954e-12  0.00000000e+00  3.66239963e-19 
 9.50000000e-01  9.50000000e-01  1.00000000e+00 -9.76552093e-04  9.76552088e-04  4.85366851e-12  0.00000000e+00  1.77089823e-19 
 1.00000000e+00  1.00000000e+00  1.00000000e+00 -9.90123765e-04  9.90123748e-04  1.74545766e-11  0.00000000e+00  2.18472013e-19 
 1.05000000e+00  1.05000000e+00  1.00000000e+00 -1.00348414e-03  1.00348409e-03  5.42127270e-11  0.00000000e+00  2.08975743e-19 
 1.10000000e+00  1.10000000e+00  1.00000000e+00 -1.01666017e-03  1.01666003e-03  1.48919167e-10  0.00000000e+00  4.00476728e-19 
 1.15000000e+00  1.15000000e+00  1.00000000e+00 -1.02967424e-03  1.02967387e-03  3.68812203e-10  0.00000000e+00  2.29916661e-19 
 1.20000000e+00  1.20000000e+00  1.00000000e+00 -1.04254513e-03  1.04254429e-03  8.36350604e-10  0.00000000e+00  2.23707895e-19 
 0.00000000e+00  0.00000000e+00  1.10000000e+00  6.63294053e-54  3.24230832e-54 -9.87524885e-54  0.00000000e+00  1.15912692e-69 
 5.00000000e-02  5.00000000e-02  1.10000000e+00 -2.64298348e-04  2.64298348e-04  6.58779361e-15  0.00000000e+00  3.56349924e-20 
 1.00000000e-01  1.00000000e-01  1.10000000e+00 -4.85831172e-04  4.85831172e-04  8.90131751e-15  0.00000000e+00  1.76738179e-20 
 1.50000000e-01  1.50000000e-01  1.10000000e+00 -6.67989018e-04  6.67989018e-04  9.73500525e-15  0.00000000e+00  2.62892926e-19 
 2.00000000e-01  2.00000000e-01  1.10000000e+00 -8.12704344e-04  8.12704344e-04  1.00563529e-14  0.00000000e+00  1.60875427e-19 
 2.50000000e-01  2.50000000e-01  1.10000000e+00 -9.20352201e-04  9.20352201e-04  1.02003355e-14  0.00000000e+00  1.61434305e-19 
 3.00000000e-01  3.00000000e-01  1.10000000e+00 -9.95127498e-04  9.95127498e-04  1.02829293e-14  0.00000000e+00  7.77645156e-20 
 3.50000000e-01  3.50000000e-01  1.10000000e+00 -1.04784240e-03  1.04784240e-03  1.03442793e-14  0.00000000e+00  3.10472458e-19 
 4.00000000e-01  4.00000000e-01  1.10000000e+00 -1.08794218e-03  1.08794218e-03  1.03982792e-14  0.00000000e+00  3.46687250e-19 
 4.50000000e-01  4.50000000e-01  1.10000000e+00 -1.12071692e-03  1.12071692e-03  1.04497379e-14  0.00000000e+00  1.97343247e-19 
 5.00000000e-01  5.00000000e-01  1.10000000e+00 -1.14892309e-03  1.14892309e-03  1.05003197e-14  0.00000000e+00  6.12062007e-19 
 5.50000000e-01  5.50000000e-01  1.10000000e+00 -1.17407540e-03  1.17407540e-03  1.05506004e-14  0.00000000e+00  1.22180643e-20 
 6.00000000e-01  6.00000000e-01  1.10000000e+00 -1.19706850e-03  1.19706850e-03  1.06007792e-14  0.00000000e+00  1.00913727e-19 
 6.50000000e-01  6.50000000e-01  1.10000000e+00 -1.21846607e-03  1.21846607e-03  1.06512932e-14  0.00000000e+00  1.25782146e-19 
 7.00000000e-01  7.00000000e-01  1.10000000e+00 -1.23864290e-03  1.23864290e-03  1.07546923e-14  0.00000000e+00  5.72727581e-20 
 7.50000000e-01  7.50000000e-01  1.10000000e+00 -1.25785926e-03  1.25785926e-03  1.18847726e-14  0.00000000e+00  3.47735291e-20 
 8.00000000e-01  8.00000000e-01  1.10000000e+00 -1.27630259e-03  1.27630259e-03  2.47725574e-14  0.00000000e+00  5.94839199e-19 
 8.50000000e-01  8.50000000e-01  1.10000000e+00 -1.29411191e-03  1.29411191e-03  1.26521422e-13  0.00000000e+00  1.55767365e-20 
 9.00000000e-01  9.00000000e-01  1.10000000e+00 -1.31139298e-03  1.31139298e-03  7.13941632e-13  0.00000000e+00  7.75314411e-20 
 9.50000000e-01  9.50000000e-01  1.10000000e+00 -1.32822798e-03  1.32822798e-03  3.35490147e-12  0.00000000e+00  1.77266010e-19 
 1.00000000e+00  1.00000000e+00  1.10000000e+00 -1.34468194e-03  1.34468193e-03  1.30620448e-11  0.00000000e+00  1.23008410e-19 
 1.05000000e+00  1.05000000e+00  1.10000000e+00 -1.36080714e-03  1.36080710e-03  4.33357574e-11  0.00000000e+00  9.12383188e-20 
 1.10000000e+00  1.10000000e+00  1.10000000e+00 -1.37664622e-03  1.37664610e-03  1.25777801e-10  0.00000000e+00  5.34373462e-19 
 1.15000000e+00  1.15000000e+00  1.10000000e+00 -1.39223442e-03  1.39223409e-03  3.26273967e-10  0.00000000e+00  1.65223537e-19 
 1.20000000e+00  1.20000000e+00  1.10000000e+00 -1.40760116e-03  1.40760039e-03  7.69563050e-10  0.00000000e+00  6.95039440e-19 
 0.00000000e+00  0.00000000e+00  1.20000000e+00  9.79828301e-44  9.79828302e-44 -1.95965660e-43  0.00000000e+00  3.98272978e-59 
 5.00000000e-02  5.00000000e-02  1.20000000e+00 -3.15705349e-04  3.15705349e-04  6.58779371e-15  0.00000000e+00  3.55345715e-20 
 1.00000000e-01  1.00000000e-01  1.20000000e+00 -5.86022729e-04  5.86022729e-04  8.90131790e-15  0.00000000e+00  1.80652742e-20 
 1.50000000e-01  1.50000000e-01  1.20000000e+00 -8.14448356e-04  8.14448356e-04  9.73500598e-15  0.00000000e+00  4.53233960e-20 
 2.00000000e-01  2.00000000e-01  1.20000000e+00 -1.00300622e-03  1.00300622e-03  1.00563536e-14  0.00000000e+00  1.61567851e-19 
 2.50000000e-01  2.50000000e-01  1.20000000e+00 -1.15114624e-03  1.15114624e-03  1.02003366e-14  0.00000000e+00  5.42551518e-20 
 3.00000000e-01  3.00000000e-01  1.20000000e+00 -1.25875596e-03  1.25875596e-03  1.02829372e-14  0.00000000e+00  6.98557418e-20 
 3.50000000e-01  3.50000000e-01  1.20000000e+00 -1.33417668e-03  1.33417668e-03  1.03443037e-14  0.00000000e+00  2.86100387e-19 
 4.00000000e-01  4.00000000e-01  1.20000000e+00 -1.38959657e-03  1.38959657e-03  1.03983269e-14  0.00000000e+00  2.56159504e-19 
 4.50000000e-01  4.50000000e-01  1.20000000e+00 -1.43333172e-03  1.43333172e-03  1.04498127e-14  0.00000000e+00  5.53611092e-20 
 5.00000000e-01  5.00000000e-01  1.20000000e+00 -1.46991130e-03  1.46991130e-03  1.05004240e-14  0.00000000e+00  7.40415177e-20 
 5.50000000e-01  5.50000000e-01  1.20000000e+00 -1.50180622e-03  1.50180622e-03  1.05507357e-14  0.00000000e+00  6.92994371e-20 
 6.00000000e-01  6.00000000e-01  1.20000000e+00 -1.53044811e-03  1.53044811e-03  1.06009466e-14  0.00000000e+00  3.82224537e-19 
 6.50000000e-01  6.50000000e-01  1.20000000e+00 -1.55672135e-03  1.55672135e-03  1.06511252e-14  0.00000000e+00  7.69240317e-20 
 7.00000000e-01  7.00000000e-01  1.20000000e+00 -1.58120361e-03  1.58120361e-03  1.07163877e-14  0.00000000e+00  1.33394858e-19 
 7.50000000e-01  7.50000000e-01  1.20000000e+00 -1.60429015e-03  1.60429015e-03  1.11920455e-14  0.00000000e+00  2.60184172e-19 
 8.00000000e-01  8.00000000e-01  1.20000000e+00 -1.62626195e-03  1.62626195e-03  1.74241795e-14  0.00000000e+00  1.83258040e-19 
 8.50000000e-01  8.50000000e-01  1.20000000e+00 -1.64732522e-03  1.64732522e-03  7.46088619e-14  0.00000000e+00  3.56760141e-19 
 9.00000000e-01  9.00000000e-01  1.20000000e+00 -1.66763541e-03  1.66763541e-03  4.46991486e-13  0.00000000e+00  5.17250153e-19 
 9.50000000e-01  9.50000000e-01  1.20000000e+00 -1.68731235e-03  1.68731235e-03  2.28996649e-12  0.00000000e+00  1.01206888e-19 
 1.00000000e+00  1.00000000e+00  1.20000000e+00 -1.70645024e-03  1.70645023e-03  9.61026055e-12  0.00000000e+00  4.45638207e-20 
 1.05000000e+00  1.05000000e+00  1.20000000e+00 -1.72512438e-03  1.72512435e-03  3.39334481e-11  0.00000000e+00  4.35411525e-20 
 1.10000000e+00  1.10000000e+00  1.20000000e+00 -1.74339588e-03  1.74339578e-03  1.03729626e-10  0.00000000e+00  1.54794198e-19 
 1.15000000e+00  1.15000000e+00  1.20000000e+00 -1.76131495e-03  1.76131467e-03  2.81044005e-10  0.00000000e+00  7.82357246e-20 
 1.20000000e+00  1.20000000e+00  1.20000000e+00 -1.77892341e-03  1.77892273e-03  6.87741164e-10  0.00000000e+00  1.88632748e-19 
