 v-sweep         v(drain_iv)     v(gate_iv)      id              is              ib              ig              kcl            
 0.00000000e+00  0.00000000e+00  6.00000000e-01  3.74737523e-42 -6.27230279e-42  2.52492757e-42  0.00000000e+00  3.18618382e-58 
 5.00000000e-02  5.00000000e-02  6.00000000e-01 -1.63232983e-06  1.63232982e-06  7.83064930e-15  0.00000000e+00  2.49901216e-21 
 1.00000000e-01  1.00000000e-01  6.00000000e-01 -2.10473991e-06  2.10473990e-06  9.60744846e-15  0.00000000e+00  5.51525625e-22 
 1.50000000e-01  1.50000000e-01  6.00000000e-01 -2.43144206e-06  2.43144205e-06  1.00406860e-14  0.00000000e+00  3.19155469e-21 
 2.00000000e-01  2.00000000e-01  6.00000000e-01 -2.73007674e-06  2.73007673e-06  1.01757401e-14  0.00000000e+00  2.38970738e-23 
 2.50000000e-01  2.50000000e-01  6.00000000e-01 -3.01906316e-06  3.01906315e-06  1.02446169e-14  0.00000000e+00  5.23094479e-21 
 3.00000000e-01  3.00000000e-01  6.00000000e-01 -3.30401181e-06  3.30401180e-06  1.02988066e-14  0.00000000e+00  1.73114005e-22 
 3.50000000e-01  3.50000000e-01  6.00000000e-01 -3.58727993e-06  3.58727992e-06  1.03497368e-14  0.00000000e+00  1.61090394e-21 
 4.00000000e-01  4.00000000e-01  6.00000000e-01 -3.87004289e-06  3.87004288e-06  1.03999437e-14  0.00000000e+00  1.35051850e-21 
 4.50000000e-01  4.50000000e-01  6.00000000e-01 -4.15295056e-06  4.15295054e-06  1.04499901e-14  0.00000000e+00  6.18549681e-22 
 5.00000000e-01  5.00000000e-01  6.00000000e-01 -4.43638708e-06  4.43638707e-06  1.05001391e-14  0.00000000e+00  6.98862264e-21 
 5.50000000e-01  5.50000000e-01  6.00000000e-01 -4.72058984e-06  4.72058983e-06  1.05533464e-14  0.00000000e+00  6.46242538e-21 
 6.00000000e-01  6.00000000e-01  6.00000000e-01 -5.00570972e-06  5.00570971e-06  1.06455241e-14  0.00000000e+00  3.87347623e-21 
 6.50000000e-01  6.50000000e-01  6.00000000e-01 -5.29184407e-06  5.29184406e-06  1.10586735e-14  0.00000000e+00  1.44854783e-21 
 7.00000000e-01  7.00000000e-01  6.00000000e-01 -5.57905586e-06  5.57905585e-06  1.33593146e-14  0.00000000e+00  7.45340293e-22 
 7.50000000e-01  7.50000000e-01  6.00000000e-01 -5.86738532e-06  5.86738530e-06  2.41682306e-14  0.00000000e+00  7.18062565e-21 
 8.00000000e-01  8.00000000e-01  6.00000000e-01 -6.15685724e-06  6.15685717e-06  6.59757760e-14  0.00000000e+00  2.76244643e-21 
 8.50000000e-01  8.50000000e-01  6.00000000e-01 -6.44748581e-06  6.44748561e-06  2.02810727e-13  0.00000000e+00  3.79821259e-21 
 9.00000000e-01  9.00000000e-01  6.00000000e-01 -6.73927788e-06  6.73927729e-06  5.92466204e-13  0.00000000e+00  1.38061069e-21 
 9.50000000e-01  9.50000000e-01  6.00000000e-01 -7.03223519e-06  7.03223361e-06  1.58016971e-12  0.00000000e+00  4.55725970e-21 
 1.00000000e+00  1.00000000e+00  6.00000000e-01 -7.32635608e-06  7.32635223e-06  3.84997441e-12  0.00000000e+00  1.82688250e-21 
 1.05000000e+00  1.05000000e+00  6.00000000e-01 -7.62163674e-06  7.62162810e-06  8.64912330e-12  0.00000000e+00  2.30758252e-20 
 1.10000000e+00  1.10000000e+00  6.00000000e-01 -7.91807237e-06  7.91805428e-06  1.80972131e-11  0.00000000e+00  5.32252919e-21 
 1.15000000e+00  1.15000000e+00  6.00000000e-01 -8.21565806e-06  8.21562247e-06  3.55867246e-11  0.00000000e+00  9.12759556e-21 
 1.20000000e+00  1.20000000e+00  6.00000000e-01 -8.51438971e-06  8.51432343e-06  6.62752666e-11  0.00000000e+00  6.12918862e-21 
 0.00000000e+00  0.00000000e+00  7.00000000e-01  3.73513771e-42 -6.28454031e-42  2.54940260e-42  0.00000000e+00  0.00000000e+00 
 5.00000000e-02  5.00000000e-02  7.00000000e-01 -1.46050555e-05  1.46050555e-05  7.83064964e-15  0.00000000e+00  2.65515360e-20 
 1.00000000e-01  1.00000000e-01  7.00000000e-01 -1.94468576e-05  1.94468576e-05  9.60745004e-15  0.00000000e+00  2.79397516e-20 
 1.50000000e-01  1.50000000e-01  7.00000000e-01 -2.21964120e-05  2.21964119e-05  1.00406895e-14  0.00000000e+00  7.27044922e-20 
 2.00000000e-01  2.00000000e-01  7.00000000e-01 -2.45122918e-05  2.45122918e-05  1.01757459e-14  0.00000000e+00  3.13422118e-21 
 2.50000000e-01  2.50000000e-01  7.00000000e-01 -2.66723936e-05  2.66723936e-05  1.02446253e-14  0.00000000e+00  4.50711198e-20 
 3.00000000e-01  3.00000000e-01  7.00000000e-01 -2.87578478e-05  2.87578478e-05  1.02988180e-14  0.00000000e+00  4.59812537e-20 
 3.50000000e-01  3.50000000e-01  7.00000000e-01 -3.08021222e-05  3.08021222e-05  1.03497516e-14  0.00000000e+00  5.07370558e-21 
 4.00000000e-01  4.00000000e-01  7.00000000e-01 -3.28219095e-05  3.28219095e-05  1.03999621e-14  0.00000000e+00  7.12129363e-20 
 4.50000000e-01  4.50000000e-01  7.00000000e-01 -3.48265673e-05  3.48265673e-05  1.04500124e-14  0.00000000e+00  4.27400116e-21 
 5.00000000e-01  5.00000000e-01  7.00000000e-01 -3.68217678e-05  3.68217678e-05  1.05004106e-14  0.00000000e+00  5.48467909e-20 
 5.50000000e-01  5.50000000e-01  7.00000000e-01 -3.88111455e-05  3.88111454e-05  1.05617186e-14  0.00000000e+00  3.09309644e-20 
 6.00000000e-01  6.00000000e-01  7.00000000e-01 -4.07971257e-05  4.07971257e-05  1.07825366e-14  0.00000000e+00  3.72237583e-21 
 6.50000000e-01  6.50000000e-01  7.00000000e-01 -4.27813770e-05  4.27813770e-05  1.24649658e-14  0.00000000e+00  5.60795053e-20 
 7.00000000e-01  7.00000000e-01  7.00000000e-01 -4.47650736e-05  4.47650735e-05  2.34770746e-14  0.00000000e+00  4.26917036e-20 
 7.50000000e-01  7.50000000e-01  7.00000000e-01 -4.67490552e-05  4.67490552e-05  7.93189626e-14  0.00000000e+00  1.13464989e-21 
 8.00000000e-01  8.00000000e-01  7.00000000e-01 -4.87339299e-05  4.87339296e-05  3.06919509e-13  0.00000000e+00  3.14251640e-22 
 8.50000000e-01  8.50000000e-01  7.00000000e-01 -5.07201402e-05  5.07201392e-05  1.08254409e-12  0.00000000e+00  1.20560748e-20 
 9.00000000e-01  9.00000000e-01  7.00000000e-01 -5.27080098e-05  5.27080064e-05  3.36370492e-12  0.00000000e+00  3.01255936e-20 
 9.50000000e-01  9.50000000e-01  7.00000000e-01 -5.46977747e-05  5.46977654e-05  9.29961385e-12  0.00000000e+00  3.73470205e-20 
 1.00000000e+00  1.00000000e+00  7.00000000e-01 -5.66896072e-05  5.66895840e-05  2.32369975e-11  0.00000000e+00  6.56842217e-20 
 1.05000000e+00  1.05000000e+00  7.00000000e-01 -5.86836331e-05  5.86835798e-05  5.32326059e-11  0.00000000e+00  1.20733796e-20 
 1.10000000e+00  1.10000000e+00  7.00000000e-01 -6.06799456e-05  6.06798325e-05  1.13159952e-10  0.00000000e+00  1.48347088e-20 
 1.15000000e+00  1.15000000e+00  7.00000000e-01 -6.26786171e-05  6.26783917e-05  2.25459630e-10  0.00000000e+00  6.56510763e-20 
 1.20000000e+00  1.20000000e+00  7.00000000e-01 -6.46797090e-05  6.46792845e-05  4.24536544e-10  0.00000000e+00  7.64277146e-20 
 0.00000000e+00  0.00000000e+00  8.00000000e-01  3.72290019e-42 -6.29677783e-42  2.57387763e-42  0.00000000e+00  3.18618382e-58 
 5.00000000e-02  5.00000000e-02  8.00000000e-01 -6.39298167e-05  6.39298167e-05  7.83065018e-15  0.00000000e+00  1.11807181e-23 
 1.00000000e-01  1.00000000e-01  8.00000000e-01 -9.61581103e-05  9.61581103e-05  9.60745341e-15  0.00000000e+00  1.27019776e-20 
 1.50000000e-01  1.50000000e-01  8.00000000e-01 -1.11805891e-04  1.11805891e-04  1.00406994e-14  0.00000000e+00  2.73079866e-19 
 2.00000000e-01  2.00000000e-01  8.00000000e-01 -1.22131931e-04  1.22131931e-04  1.01757648e-14  0.00000000e+00  1.47975651e-19 
 2.50000000e-01  2.50000000e-01  8.00000000e-01 -1.30615953e-04  1.30615953e-04  1.02446547e-14  0.00000000e+00  1.09658875e-19 
 3.00000000e-01  3.00000000e-01  8.00000000e-01 -1.38255688e-04  1.38255688e-04  1.02988589e-14  0.00000000e+00  8.59999554e-20 
 3.50000000e-01  3.50000000e-01  8.00000000e-01 -1.45429558e-04  1.45429558e-04  1.03498048e-14  0.00000000e+00  2.60238290e-19 
 4.00000000e-01  4.00000000e-01  8.00000000e-01 -1.52315447e-04  1.52315447e-04  1.04000285e-14  0.00000000e+00  1.26678154e-19 
 4.50000000e-01  4.50000000e-01  8.00000000e-01 -1.59009599e-04  1.59009599e-04  1.04500928e-14  0.00000000e+00  1.18567528e-19 
 5.00000000e-01  5.00000000e-01  8.00000000e-01 -1.65569346e-04  1.65569346e-04  1.05001227e-14  0.00000000e+00  1.12506670e-19 
 5.50000000e-01  5.50000000e-01  8.00000000e-01 -1.72031291e-04  1.72031291e-04  1.05555621e-14  0.00000000e+00  1.76368909e-19 
 6.00000000e-01  6.00000000e-01  8.00000000e-01 -1.78420047e-04  1.78420047e-04  1.07268307e-14  0.00000000e+00  3.25110630e-20 
 6.50000000e-01  6.50000000e-01  8.00000000e-01 -1.84752847e-04  1.84752847e-04  1.23273003e-14  0.00000000e+00  2.95241931e-19 
 7.00000000e-01  7.00000000e-01  8.00000000e-01 -1.91042154e-04  1.91042154e-04  2.53919159e-14  0.00000000e+00  3.64995945e-20 
 7.50000000e-01  7.50000000e-01  8.00000000e-01 -1.97297215e-04  1.97297215e-04  1.04273534e-13  0.00000000e+00  1.62170208e-20 
 8.00000000e-01  8.00000000e-01  8.00000000e-01 -2.03525045e-04  2.03525044e-04  4.73346462e-13  0.00000000e+00  2.50261692e-20 
 8.50000000e-01  8.50000000e-01  8.00000000e-01 -2.09731060e-04  2.09731058e-04  1.87812526e-12  0.00000000e+00  2.70732616e-19 
 9.00000000e-01  9.00000000e-01  8.00000000e-01 -2.15919508e-04  2.15919502e-04  6.39714699e-12  0.00000000e+00  7.31739318e-21 
 9.50000000e-01  9.50000000e-01  8.00000000e-01 -2.22093767e-04  2.22093748e-04  1.90521544e-11  0.00000000e+00  8.96678454e-20 
 1.00000000e+00  1.00000000e+00  8.00000000e-01 -2.28256556e-04  2.28256505e-04  5.06243497e-11  0.00000000e+00  5.53991937e-20 
 1.05000000e+00  1.05000000e+00  8.00000000e-01 -2.34410091e-04  2.34409969e-04  1.22094402e-10  0.00000000e+00  6.79632271e-21 
 1.10000000e+00  1.10000000e+00  8.00000000e-01 -2.40556205e-04  2.40555934e-04  2.71062333e-10  0.00000000e+00  2.24366020e-20 
 1.15000000e+00  1.15000000e+00  8.00000000e-01 -2.46696439e-04  2.46695879e-04  5.60378806e-10  0.00000000e+00  1.07194336e-20 
 1.20000000e+00  1.20000000e+00  8.00000000e-01 -2.52832115e-04  2.52831026e-04  1.08905440e-09  0.00000000e+00  1.95245644e-20 
 0.00000000e+00  0.00000000e+00  9.00000000e-01  3.71066268e-42 -6.30901534e-42  2.59835267e-42  0.00000000e+00  3.18618382e-58 
 5.00000000e-02  5.00000000e-02  9.00000000e-01 -1.44885002e-04  1.44885002e-04  7.83065060e-15  0.00000000e+00  4.12182109e-22 
 1.00000000e-01  1.00000000e-01  9.00000000e-01 -2.41086204e-04  2.41086204e-04  9.60745564e-15  0.00000000e+00  1.23349636e-19 
 1.50000000e-01  1.50000000e-01  9.00000000e-01 -2.97904918e-04  2.97904918e-04  1.00407087e-14  0.00000000e+00  8.76155167e-20 
 2.00000000e-01  2.00000000e-01  9.00000000e-01 -3.30949650e-04  3.30949650e-04  1.01757891e-14  0.00000000e+00  1.18003784e-19 
 2.50000000e-01  2.50000000e-01  9.00000000e-01 -3.53672774e-04  3.53672774e-04  1.02446986e-14  0.00000000e+00  9.03129094e-20 
 3.00000000e-01  3.00000000e-01  9.00000000e-01 -3.71860340e-04  3.71860340e-04  1.02989251e-14  0.00000000e+00  1.97135157e-20 
 3.50000000e-01  3.50000000e-01  9.00000000e-01 -3.87705805e-04  3.87705805e-04  1.03498951e-14  0.00000000e+00  1.55329760e-19 
 4.00000000e-01  4.00000000e-01  9.00000000e-01 -4.02169392e-04  4.02169392e-04  1.04001441e-14  0.00000000e+00  2.82063323e-19 
 4.50000000e-01  4.50000000e-01  9.00000000e-01 -4.15738203e-04  4.15738203e-04  1.04502350e-14  0.00000000e+00  4.39029972e-20 
 5.00000000e-01  5.00000000e-01  9.00000000e-01 -4.28688360e-04  4.28688360e-04  1.05002924e-14  0.00000000e+00  1.73821703e-19 
 5.50000000e-01  5.50000000e-01  9.00000000e-01 -4.41189758e-04  4.41189758e-04  1.05508681e-14  0.00000000e+00  1.53715923e-19 
 6.00000000e-01  6.00000000e-01  9.00000000e-01 -4.53353610e-04  4.53353610e-04  1.06332458e-14  0.00000000e+00  4.20881426e-19 
 6.50000000e-01  6.50000000e-01  9.00000000e-01 -4.65256289e-04  4.65256289e-04  1.12938021e-14  0.00000000e+00  1.15132544e-19 
 7.00000000e-01  7.00000000e-01  9.00000000e-01 -4.76952286e-04  4.76952286e-04  1.82245489e-14  0.00000000e+00  2.22325450e-20 
 7.50000000e-01  7.50000000e-01  9.00000000e-01 -4.88481700e-04  4.88481700e-04  7.06137571e-14  0.00000000e+00  4.28545389e-19 
 8.00000000e-01  8.00000000e-01  9.00000000e-01 -4.99874805e-04  4.99874804e-04  3.63713444e-13  0.00000000e+00  4.39376536e-20 
 8.50000000e-01  8.50000000e-01  9.00000000e-01 -5.11154951e-04  5.11154950e-04  1.65047542e-12  0.00000000e+00  1.29231846e-19 
 9.00000000e-01  9.00000000e-01  9.00000000e-01 -5.22340487e-04  5.22340481e-04  6.29544201e-12  0.00000000e+00  4.14813062e-19 
 9.50000000e-01  9.50000000e-01  9.00000000e-01 -5.33446056e-04  5.33446035e-04  2.05857777e-11  0.00000000e+00  1.77590805e-19 
 1.00000000e+00  1.00000000e+00  9.00000000e-01 -5.44483515e-04  5.44483456e-04  5.91099299e-11  0.00000000e+00  3.32699345e-19 
 1.05000000e+00  1.05000000e+00  9.00000000e-01 -5.55462588e-04  5.55462436e-04  1.52115567e-10  0.00000000e+00  4.02079933e-19 
 1.10000000e+00  1.10000000e+00  9.00000000e-01 -5.66391353e-04  5.66390996e-04  3.56703832e-10  0.00000000e+00  5.27300550e-19 
 1.15000000e+00  1.15000000e+00  9.00000000e-01 -5.77276607e-04  5.77275835e-04  7.72501808e-10  0.00000000e+00  3.87377780e-19 
 1.20000000e+00  1.20000000e+00  9.00000000e-01 -5.88124155e-04  5.88122593e-04  1.56211776e-09  0.00000000e+00  3.12347535e-19 
 0.00000000e+00  0.00000000e+00  1.00000000e+00  3.69842516e-42 -6.32125286e-42  2.62282770e-42  0.00000000e+00  6.37236764e-58 
 5.00000000e-02  5.00000000e-02  1.00000000e+00 -2.33458548e-04  2.33458548e-04  7.83065094e-15  0.00000000e+00  7.48239125e-22 
 1.00000000e-01  1.00000000e-01  1.00000000e+00 -4.07690088e-04  4.07690088e-04  9.60745707e-15  0.00000000e+00  1.24782648e-19 
 1.50000000e-01  1.50000000e-01  1.00000000e+00 -5.28568154e-04  5.28568154e-04  1.00407135e-14  0.00000000e+00  8.27789031e-20 
 2.00000000e-01  2.00000000e-01  1.00000000e+00 -6.04405476e-04  6.04405476e-04  1.01758062e-14  0.00000000e+00  3.52018636e-19 
 2.50000000e-01  2.50000000e-01  1.00000000e+00 -6.52366579e-04  6.52366579e-04  1.02447381e-14  0.00000000e+00  1.05085874e-19 
 3.00000000e-01  3.00000000e-01  1.00000000e+00 -6.86861816e-04  6.86861816e-04  1.02989924e-14  0.00000000e+00  3.72770856e-19 
 3.50000000e-01  3.50000000e-01  1.00000000e+00 -7.14633680e-04  7.14633680e-04  1.03499931e-14  0.00000000e+00  1.99114687e-19 
 4.00000000e-01  4.00000000e-01  1.00000000e+00 -7.38619819e-04  7.38619819e-04  1.04002748e-14  0.00000000e+00  1.73870311e-19 
 4.50000000e-01  4.50000000e-01  1.00000000e+00 -7.60243889e-04  7.60243889e-04  1.04503997e-14  0.00000000e+00  4.25502923e-19 
 5.00000000e-01  5.00000000e-01  1.00000000e+00 -7.80277893e-04  7.80277893e-04  1.05004924e-14  0.00000000e+00  2.22495919e-19 
 5.50000000e-01  5.50000000e-01  1.00000000e+00 -7.99179816e-04  7.99179816e-04  1.05505803e-14  0.00000000e+00  7.90736469e-21 
 6.00000000e-01  6.00000000e-01  1.00000000e+00 -8.17240860e-04  8.17240860e-04  1.06078201e-14  0.00000000e+00  1.39943045e-20 
 6.50000000e-01  6.50000000e-01  1.00000000e+00 -8.34656466e-04  8.34656466e-04  1.08683418e-14  0.00000000e+00  1.34442711e-19 
 7.00000000e-01  7.00000000e-01  1.00000000e+00 -8.51563555e-04  8.51563555e-04  1.40521208e-14  0.00000000e+00  6.67888068e-21 
 7.50000000e-01  7.50000000e-01  1.00000000e+00 -8.68061436e-04  8.68061436e-04  4.35982771e-14  0.00000000e+00  9.43083610e-20 
 8.00000000e-01  8.00000000e-01  1.00000000e+00 -8.84224233e-04  8.84224233e-04  2.38633245e-13  0.00000000e+00  8.73102812e-20 
 8.50000000e-01  8.50000000e-01  1.00000000e+00 -9.00108604e-04  9.00108603e-04  1.21515192e-12  0.00000000e+00  2.38395072e-19 
 9.00000000e-01  9.00000000e-01  1.00000000e+00 -9.15758749e-04  9.15758743e-04  5.13267144e-12  0.00000000e+00  2.37788594e-19 
 9.50000000e-01  9.50000000e-01  1.00000000e+00 -9.31209752e-04  9.31209734e-04  1.82641848e-11  0.00000000e+00  3.29941719e-19 
 1.00000000e+00  1.00000000e+00  1.00000000e+00 -9.46489895e-04  9.46489839e-04  5.62459501e-11  0.00000000e+00  7.05251153e-20 
 1.05000000e+00  1.05000000e+00  1.00000000e+00 -9.61622287e-04  9.61622133e-04  1.53447661e-10  0.00000000e+00  3.85760849e-19 
 1.10000000e+00  1.10000000e+00  1.00000000e+00 -9.76626054e-04  9.76625676e-04  3.77935259e-10  0.00000000e+00  6.52480067e-19 
 1.15000000e+00  1.15000000e+00  1.00000000e+00 -9.91517224e-04  9.91516371e-04  8.53250106e-10  0.00000000e+00  1.51635855e-19 
 1.20000000e+00  1.20000000e+00  1.00000000e+00 -1.00630940e-03  1.00630761e-03  1.78773462e-09  0.00000000e+00  3.11792704e-19 
 0.00000000e+00  0.00000000e+00  1.10000000e+00  3.68618764e-42 -6.33349038e-42  2.64730273e-42  0.00000000e+00  1.27447353e-57 
 5.00000000e-02  5.00000000e-02  1.10000000e+00 -3.19909113e-04  3.19909113e-04  7.83065122e-15  0.00000000e+00  1.02707511e-21 
 1.00000000e-01  1.00000000e-01  1.10000000e+00 -5.73027753e-04  5.73027753e-04  9.60745822e-15  0.00000000e+00  1.25928755e-19 
 1.50000000e-01  1.50000000e-01  1.10000000e+00 -7.64532072e-04  7.64532072e-04  1.00407164e-14  0.00000000e+00  1.36913295e-19 
 2.00000000e-01  2.00000000e-01  1.10000000e+00 -8.96881922e-04  8.96881922e-04  1.01758162e-14  0.00000000e+00  3.61951628e-19 
 2.50000000e-01  2.50000000e-01  1.10000000e+00 -9.81368960e-04  9.81368960e-04  1.02447671e-14  0.00000000e+00  7.61143305e-20 
 3.00000000e-01  3.00000000e-01  1.10000000e+00 -1.03831461e-03  1.03831461e-03  1.02990495e-14  0.00000000e+00  3.81886164e-21 
 3.50000000e-01  3.50000000e-01  1.10000000e+00 -1.08124362e-03  1.08124362e-03  1.03500831e-14  0.00000000e+00  7.22793335e-20 
 4.00000000e-01  4.00000000e-01  1.10000000e+00 -1.11651062e-03  1.11651062e-03  1.04004004e-14  0.00000000e+00  3.51030999e-19 
 4.50000000e-01  4.50000000e-01  1.10000000e+00 -1.14714573e-03  1.14714573e-03  1.04505627e-14  0.00000000e+00  6.20256518e-20 
 5.00000000e-01  5.00000000e-01  1.10000000e+00 -1.17474074e-03  1.17474074e-03  1.05006940e-14  0.00000000e+00  4.12839504e-19 
 5.50000000e-01  5.50000000e-01  1.10000000e+00 -1.20021228e-03  1.20021228e-03  1.05508216e-14  0.00000000e+00  1.65979028e-20 
 6.00000000e-01  6.00000000e-01  1.10000000e+00 -1.22412886e-03  1.22412886e-03  1.06020192e-14  0.00000000e+00  2.56645789e-19 
 6.50000000e-01  6.50000000e-01  1.10000000e+00 -1.24686435e-03  1.24686435e-03  1.07286369e-14  0.00000000e+00  2.39557814e-19 
 7.00000000e-01  7.00000000e-01  1.10000000e+00 -1.26867641e-03  1.26867641e-03  1.22422357e-14  0.00000000e+00  5.08940799e-19 
 7.50000000e-01  7.50000000e-01  1.10000000e+00 -1.28974939e-03  1.28974939e-03  2.89365019e-14  0.00000000e+00  2.30143387e-19 
 8.00000000e-01  8.00000000e-01  1.10000000e+00 -1.31021939e-03  1.31021939e-03  1.56357619e-13  0.00000000e+00  1.63757345e-19 
 8.50000000e-01  8.50000000e-01  1.10000000e+00 -1.33018949e-03  1.33018949e-03  8.72168585e-13  0.00000000e+00  2.88891533e-19 
 9.00000000e-01  9.00000000e-01  1.10000000e+00 -1.34973949e-03  1.34973948e-03  4.02057786e-12  0.00000000e+00  1.52380691e-19 
 9.50000000e-01  9.50000000e-01  1.10000000e+00 -1.36893234e-03  1.36893232e-03  1.53897188e-11  0.00000000e+00  4.02823975e-19 
 1.00000000e+00  1.00000000e+00  1.10000000e+00 -1.38781851e-03  1.38781846e-03  5.03390870e-11  0.00000000e+00  2.76756635e-19 
 1.05000000e+00  1.05000000e+00  1.10000000e+00 -1.40643905e-03  1.40643891e-03  1.44396252e-10  0.00000000e+00  9.37338840e-20 
 1.10000000e+00  1.10000000e+00  1.10000000e+00 -1.42482779e-03  1.42482742e-03  3.70925348e-10  0.00000000e+00  2.18348488e-19 
 1.15000000e+00  1.15000000e+00  1.10000000e+00 -1.44301296e-03  1.44301209e-03  8.67758872e-10  0.00000000e+00  5.43626821e-19 
 1.20000000e+00  1.20000000e+00  1.10000000e+00 -1.46101838e-03  1.46101651e-03  1.87408589e-09  0.00000000e+00  5.96207797e-19 
 0.00000000e+00  0.00000000e+00  1.20000000e+00  3.67395013e-42 -6.34572789e-42  2.67177777e-42  0.00000000e+00  3.18618382e-58 
 5.00000000e-02  5.00000000e-02  1.20000000e+00 -4.01711150e-04  4.01711150e-04  7.83065145e-15  0.00000000e+00  1.25698826e-21 
 1.00000000e-01  1.00000000e-01  1.20000000e+00 -7.30887004e-04  7.30887004e-04  9.60745915e-15  0.00000000e+00  1.26856331e-19 
 1.50000000e-01  1.50000000e-01  1.20000000e+00 -9.92811719e-04  9.92811719e-04  1.00407184e-14  0.00000000e+00  7.79608803e-20 
 2.00000000e-01  2.00000000e-01  1.20000000e+00 -1.18744160e-03  1.18744160e-03  1.01758215e-14  0.00000000e+00  3.67279330e-19 
 2.50000000e-01  2.50000000e-01  1.20000000e+00 -1.31772515e-03  1.31772515e-03  1.02447861e-14  0.00000000e+00  3.76581661e-19 
 3.00000000e-01  3.00000000e-01  1.20000000e+00 -1.40338328e-03  1.40338328e-03  1.02990940e-14  0.00000000e+00  4.07664602e-20 
 3.50000000e-01  3.50000000e-01  1.20000000e+00 -1.46484357e-03  1.46484357e-03  1.03501602e-14  0.00000000e+00  2.84258004e-19 
 4.00000000e-01  4.00000000e-01  1.20000000e+00 -1.51321363e-03  1.51321363e-03  1.04005139e-14  0.00000000e+00  6.29774134e-19 
 4.50000000e-01  4.50000000e-01  1.20000000e+00 -1.55386325e-03  1.55386325e-03  1.04507147e-14  0.00000000e+00  1.26888296e-19 
 5.00000000e-01  5.00000000e-01  1.20000000e+00 -1.58955809e-03  1.58955809e-03  1.05008861e-14  0.00000000e+00  3.88020230e-19 
 5.50000000e-01  5.50000000e-01  1.20000000e+00 -1.62185331e-03  1.62185331e-03  1.05510548e-14  0.00000000e+00  4.00735981e-19 
 6.00000000e-01  6.00000000e-01  1.20000000e+00 -1.65169316e-03  1.65169316e-03  1.06012266e-14  0.00000000e+00  1.14551064e-19 
 6.50000000e-01  6.50000000e-01  1.20000000e+00 -1.67968766e-03  1.67968766e-03  1.06795561e-14  0.00000000e+00  4.85791807e-19 
 7.00000000e-01  7.00000000e-01  1.20000000e+00 -1.70625105e-03  1.70625105e-03  1.14285294e-14  0.00000000e+00  6.96266222e-19 
 7.50000000e-01  7.50000000e-01  1.20000000e+00 -1.73167615e-03  1.73167615e-03  2.09457701e-14  0.00000000e+00  5.01997479e-19 
 8.00000000e-01  8.00000000e-01  1.20000000e+00 -1.75617696e-03  1.75617696e-03  1.03865945e-13  0.00000000e+00  2.77636802e-20 
 8.50000000e-01  8.50000000e-01  1.20000000e+00 -1.77991419e-03  1.77991419e-03  6.21279262e-13  0.00000000e+00  2.50767019e-20 
 9.00000000e-01  9.00000000e-01  1.20000000e+00 -1.80301140e-03  1.80301140e-03  3.09564557e-12  0.00000000e+00  5.23187929e-19 
 9.50000000e-01  9.50000000e-01  1.20000000e+00 -1.82556545e-03  1.82556544e-03  1.26542610e-11  0.00000000e+00  5.27142152e-19 
 1.00000000e+00  1.00000000e+00  1.20000000e+00 -1.84765361e-03  1.84765356e-03  4.37001442e-11  0.00000000e+00  4.42388115e-19 
 1.05000000e+00  1.05000000e+00  1.20000000e+00 -1.86933843e-03  1.86933830e-03  1.31129280e-10  0.00000000e+00  1.04427623e-19 
 1.10000000e+00  1.10000000e+00  1.20000000e+00 -1.89067125e-03  1.89067090e-03  3.49794257e-10  0.00000000e+00  2.00575375e-19 
 1.15000000e+00  1.15000000e+00  1.20000000e+00 -1.91169476e-03  1.91169392e-03  8.44808082e-10  0.00000000e+00  7.67831644e-19 
 1.20000000e+00  1.20000000e+00  1.20000000e+00 -1.93244485e-03  1.93244297e-03  1.87464248e-09  0.00000000e+00  5.11961106e-19 
