 v-sweep         v(drain_iv)     v(gate_iv)      id              is              ib              ig              kcl            
 0.00000000e+00  0.00000000e+00  6.00000000e-01  6.33692349e-42  1.08567446e-41 -1.71936681e-41  0.00000000e+00  2.54894706e-57 
 5.00000000e-02  5.00000000e-02  6.00000000e-01 -8.76643541e-07  8.76643533e-07  8.11629867e-15  0.00000000e+00  1.68395039e-22 
 1.00000000e-01  1.00000000e-01  6.00000000e-01 -1.12820098e-06  1.12820097e-06  9.72608004e-15  0.00000000e+00  3.41530884e-22 
 1.50000000e-01  1.50000000e-01  6.00000000e-01 -1.31270208e-06  1.31270207e-06  1.00776953e-14  0.00000000e+00  1.58693590e-21 
 2.00000000e-01  2.00000000e-01  6.00000000e-01 -1.48441083e-06  1.48441082e-06  1.01860188e-14  0.00000000e+00  2.51892343e-21 
 2.50000000e-01  2.50000000e-01  6.00000000e-01 -1.65198368e-06  1.65198367e-06  1.02472970e-14  0.00000000e+00  1.26918780e-21 
 3.00000000e-01  3.00000000e-01  6.00000000e-01 -1.81809494e-06  1.81809493e-06  1.02994781e-14  0.00000000e+00  1.46063553e-21 
 3.50000000e-01  3.50000000e-01  6.00000000e-01 -1.98386825e-06  1.98386824e-06  1.03499001e-14  0.00000000e+00  2.30134661e-21 
 4.00000000e-01  4.00000000e-01  6.00000000e-01 -2.14985978e-06  2.14985977e-06  1.03999819e-14  0.00000000e+00  1.28274120e-21 
 4.50000000e-01  4.50000000e-01  6.00000000e-01 -2.31637324e-06  2.31637323e-06  1.04499986e-14  0.00000000e+00  1.48615974e-21 
 5.00000000e-01  5.00000000e-01  6.00000000e-01 -2.48358511e-06  2.48358510e-06  1.05001079e-14  0.00000000e+00  6.42735908e-23 
 5.50000000e-01  5.50000000e-01  6.00000000e-01 -2.65160200e-06  2.65160199e-06  1.05524275e-14  0.00000000e+00  8.83644799e-22 
 6.00000000e-01  6.00000000e-01  6.00000000e-01 -2.82048967e-06  2.82048966e-06  1.06317437e-14  0.00000000e+00  5.03224678e-21 
 6.50000000e-01  6.50000000e-01  6.00000000e-01 -2.99028883e-06  2.99028882e-06  1.09266154e-14  0.00000000e+00  5.55981119e-21 
 7.00000000e-01  7.00000000e-01  6.00000000e-01 -3.16102433e-06  3.16102431e-06  1.24592131e-14  0.00000000e+00  5.16177134e-21 
 7.50000000e-01  7.50000000e-01  6.00000000e-01 -3.33271061e-06  3.33271059e-06  1.94686564e-14  0.00000000e+00  1.36567177e-22 
 8.00000000e-01  8.00000000e-01  6.00000000e-01 -3.50535523e-06  3.50535518e-06  4.61437706e-14  0.00000000e+00  6.50974267e-23 
 8.50000000e-01  8.50000000e-01  6.00000000e-01 -3.67896110e-06  3.67896096e-06  1.32413729e-13  0.00000000e+00  2.60196659e-21 
 9.00000000e-01  9.00000000e-01  6.00000000e-01 -3.85352797e-06  3.85352759e-06  3.75785722e-13  0.00000000e+00  2.09720285e-21 
 9.50000000e-01  9.50000000e-01  6.00000000e-01 -4.02905353e-06  4.02905254e-06  9.88058126e-13  0.00000000e+00  5.42858461e-21 
 1.00000000e+00  1.00000000e+00  6.00000000e-01 -4.20553414e-06  4.20553175e-06  2.38651820e-12  0.00000000e+00  8.18922983e-21 
 1.05000000e+00  1.05000000e+00  6.00000000e-01 -4.38296550e-06  4.38296017e-06  5.32860893e-12  0.00000000e+00  5.75829909e-21 
 1.10000000e+00  1.10000000e+00  6.00000000e-01 -4.56134312e-06  4.56133202e-06  1.10970400e-11  0.00000000e+00  1.18232447e-20 
 1.15000000e+00  1.15000000e+00  6.00000000e-01 -4.74066284e-06  4.74064111e-06  2.17392545e-11  0.00000000e+00  2.01990074e-21 
 1.20000000e+00  1.20000000e+00  6.00000000e-01 -4.92092130e-06  4.92088093e-06  4.03615469e-11  0.00000000e+00  7.63320977e-21 
 0.00000000e+00  0.00000000e+00  7.00000000e-01  6.32846914e-42  1.08482902e-41 -1.71767594e-41  0.00000000e+00  0.00000000e+00 
 5.00000000e-02  5.00000000e-02  7.00000000e-01 -1.00756423e-05  1.00756423e-05  8.11629896e-15  0.00000000e+00  1.13960299e-20 
 1.00000000e-01  1.00000000e-01  7.00000000e-01 -1.31507835e-05  1.31507835e-05  9.72608129e-15  0.00000000e+00  2.88655888e-20 
 1.50000000e-01  1.50000000e-01  7.00000000e-01 -1.50876306e-05  1.50876306e-05  1.00776979e-14  0.00000000e+00  1.47248193e-21 
 2.00000000e-01  2.00000000e-01  7.00000000e-01 -1.67940736e-05  1.67940736e-05  1.01860231e-14  0.00000000e+00  1.33269114e-21 
 2.50000000e-01  2.50000000e-01  7.00000000e-01 -1.84175345e-05  1.84175345e-05  1.02473033e-14  0.00000000e+00  3.69283170e-20 
 3.00000000e-01  3.00000000e-01  7.00000000e-01 -2.00024566e-05  2.00024566e-05  1.02994866e-14  0.00000000e+00  4.70397526e-20 
 3.50000000e-01  3.50000000e-01  7.00000000e-01 -2.15674451e-05  2.15674451e-05  1.03499110e-14  0.00000000e+00  1.88066737e-20 
 4.00000000e-01  4.00000000e-01  7.00000000e-01 -2.31218102e-05  2.31218102e-05  1.03999956e-14  0.00000000e+00  1.04879471e-20 
 4.50000000e-01  4.50000000e-01  7.00000000e-01 -2.46707508e-05  2.46707508e-05  1.04500146e-14  0.00000000e+00  8.44626775e-20 
 5.00000000e-01  5.00000000e-01  7.00000000e-01 -2.62173891e-05  2.62173891e-05  1.05005480e-14  0.00000000e+00  5.91016329e-21 
 5.50000000e-01  5.50000000e-01  7.00000000e-01 -2.77636978e-05  2.77636978e-05  1.05639125e-14  0.00000000e+00  2.16026923e-21 
 6.00000000e-01  6.00000000e-01  7.00000000e-01 -2.93109685e-05  2.93109685e-05  1.07996558e-14  0.00000000e+00  5.82924707e-20 
 6.50000000e-01  6.50000000e-01  7.00000000e-01 -3.08600684e-05  3.08600684e-05  1.25161998e-14  0.00000000e+00  3.43608622e-20 
 7.00000000e-01  7.00000000e-01  7.00000000e-01 -3.24115886e-05  3.24115885e-05  2.32265208e-14  0.00000000e+00  5.09479597e-20 
 7.50000000e-01  7.50000000e-01  7.00000000e-01 -3.39659353e-05  3.39659352e-05  7.55072184e-14  0.00000000e+00  2.27760807e-21 
 8.00000000e-01  8.00000000e-01  7.00000000e-01 -3.55233877e-05  3.55233874e-05  2.82248418e-13  0.00000000e+00  3.12775692e-20 
 8.50000000e-01  8.50000000e-01  7.00000000e-01 -3.70841351e-05  3.70841341e-05  9.69904538e-13  0.00000000e+00  2.89997113e-20 
 9.00000000e-01  9.00000000e-01  7.00000000e-01 -3.86483035e-05  3.86483006e-05  2.95294683e-12  0.00000000e+00  1.87021780e-20 
 9.50000000e-01  9.50000000e-01  7.00000000e-01 -4.02159729e-05  4.02159649e-05  8.03068152e-12  0.00000000e+00  5.27214711e-21 
 1.00000000e+00  1.00000000e+00  7.00000000e-01 -4.17871909e-05  4.17871711e-05  1.97957454e-11  0.00000000e+00  1.74860262e-20 
 1.05000000e+00  1.05000000e+00  7.00000000e-01 -4.33619825e-05  4.33619377e-05  4.48382474e-11  0.00000000e+00  7.63814700e-21 
 1.10000000e+00  1.10000000e+00  7.00000000e-01 -4.49403583e-05  4.49402639e-05  9.44106350e-11  0.00000000e+00  2.17959506e-21 
 1.15000000e+00  1.15000000e+00  7.00000000e-01 -4.65223214e-05  4.65221348e-05  1.86589062e-10  0.00000000e+00  8.20517931e-20 
 1.20000000e+00  1.20000000e+00  7.00000000e-01 -4.81078735e-05  4.81075246e-05  3.48932245e-10  0.00000000e+00  9.82260951e-20 
 0.00000000e+00  0.00000000e+00  8.00000000e-01  6.32001478e-42  1.08398359e-41 -1.71598507e-41  0.00000000e+00  5.09789412e-57 
 5.00000000e-02  5.00000000e-02  8.00000000e-01 -5.51526635e-05  5.51526635e-05  8.11629961e-15  0.00000000e+00  7.05647309e-20 
 1.00000000e-01  1.00000000e-01  8.00000000e-01 -7.98746694e-05  7.98746694e-05  9.72608515e-15  0.00000000e+00  3.27175571e-20 
 1.50000000e-01  1.50000000e-01  8.00000000e-01 -9.18603098e-05  9.18603098e-05  1.00777081e-14  0.00000000e+00  5.29266771e-21 
 2.00000000e-01  2.00000000e-01  8.00000000e-01 -1.00377123e-04  1.00377123e-04  1.01860414e-14  0.00000000e+00  2.65308324e-21 
 2.50000000e-01  2.50000000e-01  8.00000000e-01 -1.07686803e-04  1.07686803e-04  1.02473308e-14  0.00000000e+00  3.31568654e-20 
 3.00000000e-01  3.00000000e-01  8.00000000e-01 -1.14430470e-04  1.14430469e-04  1.02995242e-14  0.00000000e+00  1.72789077e-19 
 3.50000000e-01  3.50000000e-01  8.00000000e-01 -1.20858417e-04  1.20858417e-04  1.03499597e-14  0.00000000e+00  8.44376923e-20 
 4.00000000e-01  4.00000000e-01  8.00000000e-01 -1.27090983e-04  1.27090983e-04  1.04000561e-14  0.00000000e+00  7.19128288e-20 
 4.50000000e-01  4.50000000e-01  8.00000000e-01 -1.33194267e-04  1.33194267e-04  1.04500878e-14  0.00000000e+00  1.13626882e-19 
 5.00000000e-01  5.00000000e-01  8.00000000e-01 -1.39208031e-04  1.39208031e-04  1.05002659e-14  0.00000000e+00  1.20246471e-19 
 5.50000000e-01  5.50000000e-01  8.00000000e-01 -1.45157814e-04  1.45157814e-04  1.05604907e-14  0.00000000e+00  1.71763533e-19 
 6.00000000e-01  6.00000000e-01  8.00000000e-01 -1.51060845e-04  1.51060845e-04  1.08075835e-14  0.00000000e+00  1.23191695e-19 
 6.50000000e-01  6.50000000e-01  8.00000000e-01 -1.56929203e-04  1.56929203e-04  1.31198753e-14  0.00000000e+00  8.03497640e-20 
 7.00000000e-01  7.00000000e-01  8.00000000e-01 -1.62771618e-04  1.62771618e-04  3.06556229e-14  0.00000000e+00  2.32774157e-20 
 7.50000000e-01  7.50000000e-01  8.00000000e-01 -1.68594556e-04  1.68594556e-04  1.30026442e-13  0.00000000e+00  1.62860059e-19 
 8.00000000e-01  8.00000000e-01  8.00000000e-01 -1.74402905e-04  1.74402905e-04  5.71964571e-13  0.00000000e+00  8.43842853e-20 
 8.50000000e-01  8.50000000e-01  8.00000000e-01 -1.80200425e-04  1.80200423e-04  2.18693162e-12  0.00000000e+00  7.58813295e-20 
 9.00000000e-01  9.00000000e-01  8.00000000e-01 -1.85990047e-04  1.85990039e-04  7.21319642e-12  0.00000000e+00  1.21948342e-19 
 9.50000000e-01  9.50000000e-01  8.00000000e-01 -1.91774087e-04  1.91774066e-04  2.09125629e-11  0.00000000e+00  1.53739084e-19 
 1.00000000e+00  1.00000000e+00  8.00000000e-01 -1.97554400e-04  1.97554345e-04  5.43333720e-11  0.00000000e+00  1.34267453e-19 
 1.05000000e+00  1.05000000e+00  8.00000000e-01 -2.03332485e-04  2.03332356e-04  1.28589119e-10  0.00000000e+00  1.57443826e-19 
 1.10000000e+00  1.10000000e+00  8.00000000e-01 -2.09109576e-04  2.09109295e-04  2.80957332e-10  0.00000000e+00  1.37237174e-19 
 1.15000000e+00  1.15000000e+00  8.00000000e-01 -2.14886710e-04  2.14886137e-04  5.72987019e-10  0.00000000e+00  9.53758892e-20 
 1.20000000e+00  1.20000000e+00  8.00000000e-01 -2.20664778e-04  2.20663677e-04  1.10065489e-09  0.00000000e+00  9.01889498e-20 
 0.00000000e+00  0.00000000e+00  9.00000000e-01  6.31156043e-42  1.08313815e-41 -1.71429420e-41  0.00000000e+00  0.00000000e+00 
 5.00000000e-02  5.00000000e-02  9.00000000e-01 -1.41149351e-04  1.41149351e-04  8.11630014e-15  0.00000000e+00  7.10962998e-20 
 1.00000000e-01  1.00000000e-01  9.00000000e-01 -2.29805338e-04  2.29805338e-04  9.72608829e-15  0.00000000e+00  1.44276608e-19 
 1.50000000e-01  1.50000000e-01  9.00000000e-01 -2.78858017e-04  2.78858017e-04  1.00777205e-14  0.00000000e+00  2.78163328e-19 
 2.00000000e-01  2.00000000e-01  9.00000000e-01 -3.07429376e-04  3.07429376e-04  1.01860703e-14  0.00000000e+00  6.05450578e-19 
 2.50000000e-01  2.50000000e-01  9.00000000e-01 -3.27906790e-04  3.27906790e-04  1.02473800e-14  0.00000000e+00  1.10815156e-20 
 3.00000000e-01  3.00000000e-01  9.00000000e-01 -3.44822393e-04  3.44822393e-04  1.02995959e-14  0.00000000e+00  1.63184121e-19 
 3.50000000e-01  3.50000000e-01  9.00000000e-01 -3.59863495e-04  3.59863495e-04  1.03500555e-14  0.00000000e+00  4.43146854e-19 
 4.00000000e-01  4.00000000e-01  9.00000000e-01 -3.73781813e-04  3.73781813e-04  1.04001774e-14  0.00000000e+00  2.48797016e-19 
 4.50000000e-01  4.50000000e-01  9.00000000e-01 -3.86965774e-04  3.86965774e-04  1.04502357e-14  0.00000000e+00  9.53465322e-21 
 5.00000000e-01  5.00000000e-01  9.00000000e-01 -3.99638816e-04  3.99638816e-04  1.05002835e-14  0.00000000e+00  2.14495413e-19 
 5.50000000e-01  5.50000000e-01  9.00000000e-01 -4.11939963e-04  4.11939963e-04  1.05521161e-14  0.00000000e+00  4.41546176e-20 
 6.00000000e-01  6.00000000e-01  9.00000000e-01 -4.23960998e-04  4.23960998e-04  1.06674151e-14  0.00000000e+00  1.04324212e-19 
 6.50000000e-01  6.50000000e-01  9.00000000e-01 -4.35765360e-04  4.35765360e-04  1.17912473e-14  0.00000000e+00  1.69173185e-19 
 7.00000000e-01  7.00000000e-01  9.00000000e-01 -4.47398537e-04  4.47398537e-04  2.27525927e-14  0.00000000e+00  6.80155758e-20 
 7.50000000e-01  7.50000000e-01  9.00000000e-01 -4.58894134e-04  4.58894133e-04  9.94222592e-14  0.00000000e+00  2.18447588e-19 
 8.00000000e-01  8.00000000e-01  9.00000000e-01 -4.70277591e-04  4.70277590e-04  5.02335819e-13  0.00000000e+00  7.01414006e-20 
 8.50000000e-01  8.50000000e-01  9.00000000e-01 -4.81568577e-04  4.81568575e-04  2.18474487e-12  0.00000000e+00  4.11968966e-19 
 9.00000000e-01  9.00000000e-01  9.00000000e-01 -4.92782571e-04  4.92782563e-04  8.01667055e-12  0.00000000e+00  7.16813393e-22 
 9.50000000e-01  9.50000000e-01  9.00000000e-01 -5.03931940e-04  5.03931914e-04  2.53736094e-11  0.00000000e+00  5.73280270e-20 
 1.00000000e+00  1.00000000e+00  9.00000000e-01 -5.15026707e-04  5.15026636e-04  7.09003702e-11  0.00000000e+00  2.02375954e-19 
 1.05000000e+00  1.05000000e+00  9.00000000e-01 -5.26075102e-04  5.26074923e-04  1.78329786e-10  0.00000000e+00  8.02952234e-20 
 1.10000000e+00  1.10000000e+00  9.00000000e-01 -5.37083964e-04  5.37083554e-04  4.10152615e-10  0.00000000e+00  9.22017904e-20 
 1.15000000e+00  1.15000000e+00  9.00000000e-01 -5.48059062e-04  5.48058188e-04  8.73703509e-10  0.00000000e+00  1.46819906e-19 
 1.20000000e+00  1.20000000e+00  9.00000000e-01 -5.59005332e-04  5.59003590e-04  1.74189105e-09  0.00000000e+00  2.92499336e-19 
 0.00000000e+00  0.00000000e+00  1.00000000e+00  6.30310608e-42  1.08229272e-41 -1.71260332e-41  0.00000000e+00  2.54894706e-57 
 5.00000000e-02  5.00000000e-02  1.00000000e+00 -2.39275718e-04  2.39275718e-04  8.11630056e-15  0.00000000e+00  7.15129229e-20 
 1.00000000e-01  1.00000000e-01  1.00000000e+00 -4.12777235e-04  4.12777235e-04  9.72609017e-15  0.00000000e+00  1.46162580e-19 
 1.50000000e-01  1.50000000e-01  1.00000000e+00 -5.27656662e-04  5.27656662e-04  1.00777278e-14  0.00000000e+00  1.48194266e-19 
 2.00000000e-01  2.00000000e-01  1.00000000e+00 -5.96633948e-04  5.96633948e-04  1.01860939e-14  0.00000000e+00  2.31297843e-19 
 2.50000000e-01  2.50000000e-01  1.00000000e+00 -6.40610670e-04  6.40610670e-04  1.02474289e-14  0.00000000e+00  4.50073017e-19 
 3.00000000e-01  3.00000000e-01  1.00000000e+00 -6.73130816e-04  6.73130816e-04  1.02996748e-14  0.00000000e+00  1.87832198e-19 
 3.50000000e-01  3.50000000e-01  1.00000000e+00 -6.99896399e-04  6.99896399e-04  1.03501670e-14  0.00000000e+00  6.06562565e-20 
 4.00000000e-01  4.00000000e-01  1.00000000e+00 -7.23370575e-04  7.23370575e-04  1.04003232e-14  0.00000000e+00  2.22258964e-19 
 4.50000000e-01  4.50000000e-01  1.00000000e+00 -7.44763568e-04  7.44763568e-04  1.04504173e-14  0.00000000e+00  9.35643986e-21 
 5.00000000e-01  5.00000000e-01  1.00000000e+00 -7.64741549e-04  7.64741549e-04  1.05005019e-14  0.00000000e+00  2.12934612e-19 
 5.50000000e-01  5.50000000e-01  1.00000000e+00 -7.83704720e-04  7.83704720e-04  1.05505873e-14  0.00000000e+00  4.32820125e-19 
 6.00000000e-01  6.00000000e-01  1.00000000e+00 -8.01910125e-04  8.01910125e-04  1.06185338e-14  0.00000000e+00  2.91415832e-19 
 6.50000000e-01  6.50000000e-01  1.00000000e+00 -8.19531666e-04  8.19531666e-04  1.10899194e-14  0.00000000e+00  2.65881593e-19 
 7.00000000e-01  7.00000000e-01  1.00000000e+00 -8.36691966e-04  8.36691966e-04  1.66852305e-14  0.00000000e+00  2.07210967e-19 
 7.50000000e-01  7.50000000e-01  1.00000000e+00 -8.53480428e-04  8.53480428e-04  6.42312383e-14  0.00000000e+00  6.58116916e-20 
 8.00000000e-01  8.00000000e-01  1.00000000e+00 -8.69964064e-04  8.69964064e-04  3.55972424e-13  0.00000000e+00  2.05960808e-19 
 8.50000000e-01  8.50000000e-01  1.00000000e+00 -8.86194280e-04  8.86194278e-04  1.73391396e-12  0.00000000e+00  2.66594835e-19 
 9.00000000e-01  9.00000000e-01  1.00000000e+00 -9.02211292e-04  9.02211285e-04  7.00802350e-12  0.00000000e+00  4.20615768e-21 
 9.50000000e-01  9.50000000e-01  1.00000000e+00 -9.18047103e-04  9.18047079e-04  2.40221647e-11  0.00000000e+00  1.82144428e-19 
 1.00000000e+00  1.00000000e+00  1.00000000e+00 -9.33727564e-04  9.33727493e-04  7.17036635e-11  0.00000000e+00  3.48868735e-19 
 1.05000000e+00  1.05000000e+00  1.00000000e+00 -9.49273840e-04  9.49273650e-04  1.90560433e-10  0.00000000e+00  1.17043730e-19 
 1.10000000e+00  1.10000000e+00  1.00000000e+00 -9.64703481e-04  9.64703022e-04  4.59060107e-10  0.00000000e+00  5.53765263e-19 
 1.15000000e+00  1.15000000e+00  1.00000000e+00 -9.80031224e-04  9.80030206e-04  1.01702043e-09  0.00000000e+00  5.41628973e-19 
 1.20000000e+00  1.20000000e+00  1.00000000e+00 -9.95269605e-04  9.95267508e-04  2.09661017e-09  0.00000000e+00  1.37917064e-19 
 0.00000000e+00  0.00000000e+00  1.10000000e+00  6.29465173e-42  1.08144728e-41 -1.71091245e-41  0.00000000e+00  5.09789412e-57 
 5.00000000e-02  5.00000000e-02  1.10000000e+00 -3.35926600e-04  3.35926600e-04  8.11630090e-15  0.00000000e+00  7.18586937e-20 
 1.00000000e-01  1.00000000e-01  1.10000000e+00 -5.96789029e-04  5.96789029e-04  9.72609163e-15  0.00000000e+00  1.47622698e-19 
 1.50000000e-01  1.50000000e-01  1.10000000e+00 -7.88086139e-04  7.88086139e-04  1.00777320e-14  0.00000000e+00  1.43986806e-19 
 2.00000000e-01  2.00000000e-01  1.10000000e+00 -9.13931089e-04  9.13931089e-04  1.01861091e-14  0.00000000e+00  1.87156676e-19 
 2.50000000e-01  2.50000000e-01  1.10000000e+00 -9.92399187e-04  9.92399187e-04  1.02474678e-14  0.00000000e+00  2.39390623e-19 
 3.00000000e-01  3.00000000e-01  1.10000000e+00 -1.04615014e-03  1.04615014e-03  1.02997454e-14  0.00000000e+00  2.58408008e-19 
 3.50000000e-01  3.50000000e-01  1.10000000e+00 -1.08755950e-03  1.08755950e-03  1.03502733e-14  0.00000000e+00  4.79323042e-19 
 4.00000000e-01  4.00000000e-01  1.10000000e+00 -1.12214615e-03  1.12214615e-03  1.04004676e-14  0.00000000e+00  2.83846642e-19 
 4.50000000e-01  4.50000000e-01  1.10000000e+00 -1.15254903e-03  1.15254903e-03  1.04506014e-14  0.00000000e+00  4.57004899e-19 
 5.00000000e-01  5.00000000e-01  1.10000000e+00 -1.18017320e-03  1.18017320e-03  1.05007271e-14  0.00000000e+00  8.55156419e-19 
 5.50000000e-01  5.50000000e-01  1.10000000e+00 -1.20583861e-03  1.20583861e-03  1.05508545e-14  0.00000000e+00  4.83112715e-19 
 6.00000000e-01  6.00000000e-01  1.10000000e+00 -1.23005954e-03  1.23005954e-03  1.06056040e-14  0.00000000e+00  4.95302386e-19 
 6.50000000e-01  6.50000000e-01  1.10000000e+00 -1.25317735e-03  1.25317735e-03  1.08295095e-14  0.00000000e+00  2.81314181e-19 
 7.00000000e-01  7.00000000e-01  1.10000000e+00 -1.27542904e-03  1.27542904e-03  1.37493306e-14  0.00000000e+00  8.76788755e-20 
 7.50000000e-01  7.50000000e-01  1.10000000e+00 -1.29698523e-03  1.29698523e-03  4.30049638e-14  0.00000000e+00  5.65887084e-19 
 8.00000000e-01  8.00000000e-01  1.10000000e+00 -1.31797253e-03  1.31797253e-03  2.48118605e-13  0.00000000e+00  2.38625749e-19 
 8.50000000e-01  8.50000000e-01  1.10000000e+00 -1.33848723e-03  1.33848723e-03  1.32485358e-12  0.00000000e+00  5.97155812e-19 
 9.00000000e-01  9.00000000e-01  1.10000000e+00 -1.35860417e-03  1.35860416e-03  5.80998608e-12  0.00000000e+00  5.55800268e-19 
 9.50000000e-01  9.50000000e-01  1.10000000e+00 -1.37838253e-03  1.37838251e-03  2.13059590e-11  0.00000000e+00  2.58426423e-19 
 1.00000000e+00  1.00000000e+00  1.10000000e+00 -1.39786991e-03  1.39786984e-03  6.72421316e-11  0.00000000e+00  8.19008314e-19 
 1.05000000e+00  1.05000000e+00  1.10000000e+00 -1.41710511e-03  1.41710492e-03  1.87192585e-10  0.00000000e+00  1.09142863e-20 
 1.10000000e+00  1.10000000e+00  1.10000000e+00 -1.43612018e-03  1.43611971e-03  4.68863724e-10  0.00000000e+00  2.01211994e-19 
 1.15000000e+00  1.15000000e+00  1.10000000e+00 -1.45494192e-03  1.45494084e-03  1.07355104e-09  0.00000000e+00  3.85870243e-19 
 1.20000000e+00  1.20000000e+00  1.10000000e+00 -1.47359302e-03  1.47359074e-03  2.27618041e-09  0.00000000e+00  6.16019600e-19 
 0.00000000e+00  0.00000000e+00  1.20000000e+00  6.28619737e-42  1.08060185e-41 -1.70922158e-41  0.00000000e+00  2.54894706e-57 
 5.00000000e-02  5.00000000e-02  1.20000000e+00 -4.27552080e-04  4.27552080e-04  8.11630119e-15  0.00000000e+00  3.62763884e-20 
 1.00000000e-01  1.00000000e-01  1.20000000e+00 -7.73038275e-04  7.73038275e-04  9.72609280e-15  0.00000000e+00  1.48793731e-19 
 1.50000000e-01  1.50000000e-01  1.20000000e+00 -1.04184256e-03  1.04184256e-03  1.00777348e-14  0.00000000e+00  1.41238349e-19 
 2.00000000e-01  2.00000000e-01  1.20000000e+00 -1.23314077e-03  1.23314077e-03  1.01861181e-14  0.00000000e+00  1.78198978e-19 
 2.50000000e-01  2.50000000e-01  1.20000000e+00 -1.35588166e-03  1.35588166e-03  1.02474958e-14  0.00000000e+00  5.05838546e-20 
 3.00000000e-01  3.00000000e-01  1.20000000e+00 -1.43657331e-03  1.43657331e-03  1.02998035e-14  0.00000000e+00  7.67624269e-19 
 3.50000000e-01  3.50000000e-01  1.20000000e+00 -1.49559100e-03  1.49559100e-03  1.03503675e-14  0.00000000e+00  7.69756095e-20 
 4.00000000e-01  4.00000000e-01  1.20000000e+00 -1.54286168e-03  1.54286168e-03  1.04006011e-14  0.00000000e+00  7.17001064e-19 
 4.50000000e-01  4.50000000e-01  1.20000000e+00 -1.58310916e-03  1.58310916e-03  1.04507762e-14  0.00000000e+00  1.51415455e-19 
 5.00000000e-01  5.00000000e-01  1.20000000e+00 -1.61878982e-03  1.61878982e-03  1.05009445e-14  0.00000000e+00  6.63271379e-19 
 5.50000000e-01  5.50000000e-01  1.20000000e+00 -1.65130352e-03  1.65130352e-03  1.05511155e-14  0.00000000e+00  1.23152349e-19 
 6.00000000e-01  6.00000000e-01  1.20000000e+00 -1.68151068e-03  1.68151068e-03  1.06018147e-14  0.00000000e+00  5.22250438e-20 
 6.50000000e-01  6.50000000e-01  1.20000000e+00 -1.70997288e-03  1.70997288e-03  1.07266677e-14  0.00000000e+00  4.38740251e-19 
 7.00000000e-01  7.00000000e-01  1.20000000e+00 -1.73707474e-03  1.73707474e-03  1.22953114e-14  0.00000000e+00  2.41887535e-19 
 7.50000000e-01  7.50000000e-01  1.20000000e+00 -1.76309006e-03  1.76309006e-03  3.04131228e-14  0.00000000e+00  4.92295894e-20 
 8.00000000e-01  8.00000000e-01  1.20000000e+00 -1.78822009e-03  1.78822009e-03  1.73586072e-13  0.00000000e+00  3.33576617e-19 
 8.50000000e-01  8.50000000e-01  1.20000000e+00 -1.81261673e-03  1.81261673e-03  9.99802520e-13  0.00000000e+00  3.67916222e-19 
 9.00000000e-01  9.00000000e-01  1.20000000e+00 -1.83639724e-03  1.83639724e-03  4.71157838e-12  0.00000000e+00  3.41601803e-20 
 9.50000000e-01  9.50000000e-01  1.20000000e+00 -1.85965388e-03  1.85965386e-03  1.83432355e-11  0.00000000e+00  6.69949831e-19 
 1.00000000e+00  1.00000000e+00  1.20000000e+00 -1.88246047e-03  1.88246041e-03  6.08210608e-11  0.00000000e+00  7.15203713e-19 
 1.05000000e+00  1.05000000e+00  1.20000000e+00 -1.90487695e-03  1.90487677e-03  1.76407163e-10  0.00000000e+00  8.06165055e-22 
 1.10000000e+00  1.10000000e+00  1.20000000e+00 -1.92695263e-03  1.92695217e-03  4.57307805e-10  0.00000000e+00  1.51578107e-19 
 1.15000000e+00  1.15000000e+00  1.20000000e+00 -1.94872860e-03  1.94872752e-03  1.07797130e-09  0.00000000e+00  2.30064364e-19 
 1.20000000e+00  1.20000000e+00  1.20000000e+00 -1.97023951e-03  1.97023717e-03  2.34281850e-09  0.00000000e+00  1.90567937e-19 
