 v-sweep         v(drain_iv)     v(gate_iv)      id              is              ib              ig              kcl            
 0.00000000e+00  0.00000000e+00  6.00000000e-01  1.20073542e-41  9.55008513e-42 -2.15574394e-41  0.00000000e+00  2.54894706e-57 
 5.00000000e-02  5.00000000e-02  6.00000000e-01 -2.41638893e-07  2.41638884e-07  8.59132022e-15  0.00000000e+00  2.81560881e-22 
 1.00000000e-01  1.00000000e-01  6.00000000e-01 -3.12337205e-07  3.12337195e-07  9.88722537e-15  0.00000000e+00  1.99274890e-22 
 1.50000000e-01  1.50000000e-01  6.00000000e-01 -3.68414576e-07  3.68414565e-07  1.01189631e-14  0.00000000e+00  1.20793377e-21 
 2.00000000e-01  2.00000000e-01  6.00000000e-01 -4.21841033e-07  4.21841023e-07  1.01954728e-14  0.00000000e+00  1.50294071e-21 
 2.50000000e-01  2.50000000e-01  6.00000000e-01 -4.74599592e-07  4.74599582e-07  1.02493398e-14  0.00000000e+00  5.03874254e-23 
 3.00000000e-01  3.00000000e-01  6.00000000e-01 -5.27311397e-07  5.27311386e-07  1.02999039e-14  0.00000000e+00  7.17120150e-22 
 3.50000000e-01  3.50000000e-01  6.00000000e-01 -5.80235673e-07  5.80235663e-07  1.03499863e-14  0.00000000e+00  1.34509325e-22 
 4.00000000e-01  4.00000000e-01  6.00000000e-01 -6.33498527e-07  6.33498517e-07  1.03999984e-14  0.00000000e+00  5.73282360e-22 
 4.50000000e-01  4.50000000e-01  6.00000000e-01 -6.87167119e-07  6.87167109e-07  1.04500009e-14  0.00000000e+00  7.50677447e-22 
 5.00000000e-01  5.00000000e-01  6.00000000e-01 -7.41279222e-07  7.41279211e-07  1.05000498e-14  0.00000000e+00  1.31517372e-21 
 5.50000000e-01  5.50000000e-01  6.00000000e-01 -7.95856707e-07  7.95856696e-07  1.05510365e-14  0.00000000e+00  2.43469023e-21 
 6.00000000e-01  6.00000000e-01  6.00000000e-01 -8.50912328e-07  8.50912317e-07  1.06128553e-14  0.00000000e+00  1.27746776e-21 
 6.50000000e-01  6.50000000e-01  6.00000000e-01 -9.06453381e-07  9.06453370e-07  1.07576420e-14  0.00000000e+00  3.11131722e-21 
 7.00000000e-01  7.00000000e-01  6.00000000e-01 -9.62483794e-07  9.62483782e-07  1.13639134e-14  0.00000000e+00  5.35186651e-21 
 7.50000000e-01  7.50000000e-01  6.00000000e-01 -1.01900537e-06  1.01900536e-06  1.39625505e-14  0.00000000e+00  3.07298014e-21 
 8.00000000e-01  8.00000000e-01  6.00000000e-01 -1.07601856e-06  1.07601854e-06  2.35789872e-14  0.00000000e+00  3.85335486e-22 
 8.50000000e-01  8.50000000e-01  6.00000000e-01 -1.13352296e-06  1.13352291e-06  5.41435603e-14  0.00000000e+00  1.36366013e-21 
 9.00000000e-01  9.00000000e-01  6.00000000e-01 -1.19151762e-06  1.19151748e-06  1.39277277e-13  0.00000000e+00  2.56700688e-21 
 9.50000000e-01  9.50000000e-01  6.00000000e-01 -1.25000128e-06  1.25000092e-06  3.51347293e-13  0.00000000e+00  1.25328324e-21 
 1.00000000e+00  1.00000000e+00  6.00000000e-01 -1.30897255e-06  1.30897171e-06  8.31933645e-13  0.00000000e+00  1.75746981e-21 
 1.05000000e+00  1.05000000e+00  6.00000000e-01 -1.36843003e-06  1.36842819e-06  1.83665130e-12  0.00000000e+00  2.96972703e-21 
 1.10000000e+00  1.10000000e+00  6.00000000e-01 -1.42837245e-06  1.42836866e-06  3.79663779e-12  0.00000000e+00  4.89708694e-21 
 1.15000000e+00  1.15000000e+00  6.00000000e-01 -1.48879879e-06  1.48879139e-06  7.39805019e-12  0.00000000e+00  1.88005552e-21 
 1.20000000e+00  1.20000000e+00  6.00000000e-01 -1.54970838e-06  1.54969470e-06  1.36797724e-11  0.00000000e+00  5.34106644e-22 
 0.00000000e+00  0.00000000e+00  7.00000000e-01  1.20038566e-41  9.54658752e-42 -2.15504442e-41  0.00000000e+00  2.54894706e-57 
 5.00000000e-02  5.00000000e-02  7.00000000e-01 -4.53501995e-06  4.53501994e-06  8.59132041e-15  0.00000000e+00  7.52561813e-21 
 1.00000000e-01  1.00000000e-01  7.00000000e-01 -5.84644018e-06  5.84644017e-06  9.88722605e-15  0.00000000e+00  1.16633795e-20 
 1.50000000e-01  1.50000000e-01  7.00000000e-01 -6.81193062e-06  6.81193061e-06  1.01189644e-14  0.00000000e+00  4.77119836e-21 
 2.00000000e-01  2.00000000e-01  7.00000000e-01 -7.70875768e-06  7.70875767e-06  1.01954750e-14  0.00000000e+00  5.42897707e-21 
 2.50000000e-01  2.50000000e-01  7.00000000e-01 -8.58267693e-06  8.58267692e-06  1.02493430e-14  0.00000000e+00  1.27864126e-21 
 3.00000000e-01  3.00000000e-01  7.00000000e-01 -9.44797334e-06  9.44797333e-06  1.02999083e-14  0.00000000e+00  1.98497626e-20 
 3.50000000e-01  3.50000000e-01  7.00000000e-01 -1.03106540e-05  1.03106540e-05  1.03499920e-14  0.00000000e+00  3.20286621e-21 
 4.00000000e-01  4.00000000e-01  7.00000000e-01 -1.11736847e-05  1.11736847e-05  1.04000055e-14  0.00000000e+00  7.92064123e-21 
 4.50000000e-01  4.50000000e-01  7.00000000e-01 -1.20386781e-05  1.20386781e-05  1.04500133e-14  0.00000000e+00  6.94224535e-21 
 5.00000000e-01  5.00000000e-01  7.00000000e-01 -1.29065654e-05  1.29065654e-05  1.05006173e-14  0.00000000e+00  1.08378957e-20 
 5.50000000e-01  5.50000000e-01  7.00000000e-01 -1.37779045e-05  1.37779045e-05  1.05635667e-14  0.00000000e+00  1.50054584e-20 
 6.00000000e-01  6.00000000e-01  7.00000000e-01 -1.46530353e-05  1.46530353e-05  1.07751990e-14  0.00000000e+00  1.37527514e-21 
 6.50000000e-01  6.50000000e-01  7.00000000e-01 -1.55321644e-05  1.55321644e-05  1.21620395e-14  0.00000000e+00  1.53101259e-20 
 7.00000000e-01  7.00000000e-01  7.00000000e-01 -1.64154137e-05  1.64154137e-05  2.02432325e-14  0.00000000e+00  5.68452401e-21 
 7.50000000e-01  7.50000000e-01  7.00000000e-01 -1.73028502e-05  1.73028502e-05  5.77563802e-14  0.00000000e+00  3.25848123e-20 
 8.00000000e-01  8.00000000e-01  7.00000000e-01 -1.81945043e-05  1.81945041e-05  2.00395505e-13  0.00000000e+00  4.91953149e-21 
 8.50000000e-01  8.50000000e-01  7.00000000e-01 -1.90903817e-05  1.90903811e-05  6.60217731e-13  0.00000000e+00  1.93972953e-20 
 9.00000000e-01  9.00000000e-01  7.00000000e-01 -1.99904715e-05  1.99904695e-05  1.95311178e-12  0.00000000e+00  4.05485229e-20 
 9.50000000e-01  9.50000000e-01  7.00000000e-01 -2.08947517e-05  2.08947465e-05  5.19604290e-12  0.00000000e+00  2.41872773e-20 
 1.00000000e+00  1.00000000e+00  7.00000000e-01 -2.18031937e-05  2.18031812e-05  1.25835271e-11  0.00000000e+00  4.47894795e-20 
 1.05000000e+00  1.05000000e+00  7.00000000e-01 -2.27157651e-05  2.27157370e-05  2.80892124e-11  0.00000000e+00  2.34382305e-20 
 1.10000000e+00  1.10000000e+00  7.00000000e-01 -2.36324325e-05  2.36323741e-05  5.84277346e-11  0.00000000e+00  2.51262444e-20 
 1.15000000e+00  1.15000000e+00  7.00000000e-01 -2.45531644e-05  2.45530501e-05  1.14295930e-10  0.00000000e+00  6.76523881e-21 
 1.20000000e+00  1.20000000e+00  7.00000000e-01 -2.54779332e-05  2.54777213e-05  2.11893676e-10  0.00000000e+00  6.31955648e-21 
 0.00000000e+00  0.00000000e+00  8.00000000e-01  1.20003590e-41  9.54308991e-42 -2.15434489e-41  0.00000000e+00  2.54894706e-57 
 5.00000000e-02  5.00000000e-02  8.00000000e-01 -3.84621233e-05  3.84621233e-05  8.59132119e-15  0.00000000e+00  4.89631270e-20 
 1.00000000e-01  1.00000000e-01  8.00000000e-01 -5.22725112e-05  5.22725112e-05  9.88722998e-15  0.00000000e+00  1.62037872e-20 
 1.50000000e-01  1.50000000e-01  8.00000000e-01 -5.96918998e-05  5.96918998e-05  1.01189733e-14  0.00000000e+00  5.49491987e-20 
 2.00000000e-01  2.00000000e-01  8.00000000e-01 -6.56648116e-05  6.56648116e-05  1.01954900e-14  0.00000000e+00  1.86420835e-20 
 2.50000000e-01  2.50000000e-01  8.00000000e-01 -7.11160805e-05  7.11160805e-05  1.02493648e-14  0.00000000e+00  4.55745384e-20 
 3.00000000e-01  3.00000000e-01  8.00000000e-01 -7.63181834e-05  7.63181834e-05  1.02999377e-14  0.00000000e+00  1.11949130e-19 
 3.50000000e-01  3.50000000e-01  8.00000000e-01 -8.13827173e-05  8.13827173e-05  1.03500298e-14  0.00000000e+00  1.54524401e-19 
 4.00000000e-01  4.00000000e-01  8.00000000e-01 -8.63649748e-05  8.63649748e-05  1.04000525e-14  0.00000000e+00  1.27726463e-19 
 4.50000000e-01  4.50000000e-01  8.00000000e-01 -9.12958504e-05  9.12958503e-05  1.04500658e-14  0.00000000e+00  1.25264432e-19 
 5.00000000e-01  5.00000000e-01  8.00000000e-01 -9.61940817e-05  9.61940817e-05  1.05008350e-14  0.00000000e+00  1.78063403e-19 
 5.50000000e-01  5.50000000e-01  8.00000000e-01 -1.01071726e-04  1.01071726e-04  1.05747413e-14  0.00000000e+00  1.24463686e-19 
 6.00000000e-01  6.00000000e-01  8.00000000e-01 -1.05936894e-04  1.05936894e-04  1.09980552e-14  0.00000000e+00  9.16607669e-20 
 6.50000000e-01  6.50000000e-01  8.00000000e-01 -1.10795230e-04  1.10795230e-04  1.47050851e-14  0.00000000e+00  1.65780147e-19 
 7.00000000e-01  7.00000000e-01  8.00000000e-01 -1.15650770e-04  1.15650770e-04  3.97822997e-14  0.00000000e+00  6.24371658e-20 
 7.50000000e-01  7.50000000e-01  8.00000000e-01 -1.20506463e-04  1.20506462e-04  1.69097869e-13  0.00000000e+00  1.93608584e-20 
 8.00000000e-01  8.00000000e-01  8.00000000e-01 -1.25364495e-04  1.25364495e-04  7.02519792e-13  0.00000000e+00  2.87639521e-19 
 8.50000000e-01  8.50000000e-01  8.00000000e-01 -1.30226517e-04  1.30226514e-04  2.53741410e-12  0.00000000e+00  8.03151036e-20 
 9.00000000e-01  9.00000000e-01  8.00000000e-01 -1.35093780e-04  1.35093772e-04  7.97458966e-12  0.00000000e+00  1.63891009e-19 
 9.50000000e-01  9.50000000e-01  8.00000000e-01 -1.39967248e-04  1.39967226e-04  2.22095229e-11  0.00000000e+00  2.17777688e-20 
 1.00000000e+00  1.00000000e+00  8.00000000e-01 -1.44847669e-04  1.44847613e-04  5.58009789e-11  0.00000000e+00  1.34174066e-19 
 1.05000000e+00  1.05000000e+00  8.00000000e-01 -1.49735630e-04  1.49735501e-04  1.28397050e-10  0.00000000e+00  3.03693934e-20 
 1.10000000e+00  1.10000000e+00  8.00000000e-01 -1.54631600e-04  1.54631326e-04  2.73940410e-10  0.00000000e+00  1.20262135e-19 
 1.15000000e+00  1.15000000e+00  8.00000000e-01 -1.59535971e-04  1.59535423e-04  5.47479844e-10  0.00000000e+00  1.72613258e-19 
 1.20000000e+00  1.20000000e+00  8.00000000e-01 -1.64449079e-04  1.64448046e-04  1.03360022e-09  0.00000000e+00  3.17169998e-20 
 0.00000000e+00  0.00000000e+00  9.00000000e-01  1.19968614e-41  9.53959230e-42 -2.15364537e-41  0.00000000e+00  0.00000000e+00 
 5.00000000e-02  5.00000000e-02  9.00000000e-01 -1.31500392e-04  1.31500392e-04  8.59132201e-15  0.00000000e+00  4.42272184e-21 
 1.00000000e-01  1.00000000e-01  9.00000000e-01 -2.04326501e-04  2.04326501e-04  9.88723549e-15  0.00000000e+00  1.79043326e-19 
 1.50000000e-01  1.50000000e-01  9.00000000e-01 -2.40745626e-04  2.40745626e-04  1.01189913e-14  0.00000000e+00  8.44438527e-20 
 2.00000000e-01  2.00000000e-01  9.00000000e-01 -2.63111416e-04  2.63111416e-04  1.01955256e-14  0.00000000e+00  3.11674394e-19 
 2.50000000e-01  2.50000000e-01  9.00000000e-01 -2.80410542e-04  2.80410542e-04  1.02494208e-14  0.00000000e+00  8.44402288e-20 
 3.00000000e-01  3.00000000e-01  9.00000000e-01 -2.95418094e-04  2.95418094e-04  1.03000160e-14  0.00000000e+00  5.83225464e-19 
 3.50000000e-01  3.50000000e-01  9.00000000e-01 -3.09180505e-04  3.09180505e-04  1.03501318e-14  0.00000000e+00  1.25938289e-20 
 4.00000000e-01  4.00000000e-01  9.00000000e-01 -3.22181133e-04  3.22181133e-04  1.04001796e-14  0.00000000e+00  1.92377553e-19 
 4.50000000e-01  4.50000000e-01  9.00000000e-01 -3.34677366e-04  3.34677366e-04  1.04502193e-14  0.00000000e+00  2.59635656e-20 
 5.00000000e-01  5.00000000e-01  9.00000000e-01 -3.46820636e-04  3.46820636e-04  1.05002596e-14  0.00000000e+00  1.95278245e-19 
 5.50000000e-01  5.50000000e-01  9.00000000e-01 -3.58706739e-04  3.58706739e-04  1.05581016e-14  0.00000000e+00  1.95041814e-19 
 6.00000000e-01  6.00000000e-01  9.00000000e-01 -3.70399696e-04  3.70399696e-04  1.07962596e-14  0.00000000e+00  4.53968307e-20 
 6.50000000e-01  6.50000000e-01  9.00000000e-01 -3.81944162e-04  3.81944162e-04  1.33634445e-14  0.00000000e+00  2.14669294e-19 
 7.00000000e-01  7.00000000e-01  9.00000000e-01 -3.93372368e-04  3.93372368e-04  3.52736352e-14  0.00000000e+00  4.72727490e-19 
 7.50000000e-01  7.50000000e-01  9.00000000e-01 -4.04708233e-04  4.04708233e-04  1.71214324e-13  0.00000000e+00  3.35233903e-19 
 8.00000000e-01  8.00000000e-01  9.00000000e-01 -4.15969931e-04  4.15969930e-04  8.20268611e-13  0.00000000e+00  3.87384553e-19 
 8.50000000e-01  8.50000000e-01  9.00000000e-01 -4.27171537e-04  4.27171533e-04  3.32979386e-12  0.00000000e+00  1.01184783e-19 
 9.00000000e-01  9.00000000e-01  9.00000000e-01 -4.38324139e-04  4.38324128e-04  1.15028301e-11  0.00000000e+00  4.65626119e-19 
 9.50000000e-01  9.50000000e-01  9.00000000e-01 -4.49436605e-04  4.49436570e-04  3.46151347e-11  0.00000000e+00  1.93266970e-19 
 1.00000000e+00  1.00000000e+00  9.00000000e-01 -4.60516119e-04  4.60516026e-04  9.27267859e-11  0.00000000e+00  2.77253571e-19 
 1.05000000e+00  1.05000000e+00  9.00000000e-01 -4.71568581e-04  4.71568356e-04  2.25094204e-10  0.00000000e+00  2.08836015e-19 
 1.10000000e+00  1.10000000e+00  9.00000000e-01 -4.82598901e-04  4.82598399e-04  5.02368407e-10  0.00000000e+00  6.23369927e-19 
 1.15000000e+00  1.15000000e+00  9.00000000e-01 -4.93611230e-04  4.93610187e-04  1.04302083e-09  0.00000000e+00  2.39590796e-20 
 1.20000000e+00  1.20000000e+00  9.00000000e-01 -5.04609138e-04  5.04607104e-04  2.03411433e-09  0.00000000e+00  4.09696354e-19 
 0.00000000e+00  0.00000000e+00  1.00000000e+00  1.19933638e-41  9.53609469e-42 -2.15294585e-41  0.00000000e+00  0.00000000e+00 
 5.00000000e-02  5.00000000e-02  1.00000000e+00 -2.49281125e-04  2.49281125e-04  8.59132264e-15  0.00000000e+00  3.79841122e-21 
 1.00000000e-01  1.00000000e-01  1.00000000e+00 -4.19060066e-04  4.19060066e-04  9.88723882e-15  0.00000000e+00  3.44745693e-20 
 1.50000000e-01  1.50000000e-01  1.00000000e+00 -5.20890639e-04  5.20890639e-04  1.01190054e-14  0.00000000e+00  7.03067466e-20 
 2.00000000e-01  2.00000000e-01  1.00000000e+00 -5.78851986e-04  5.78851986e-04  1.01955626e-14  0.00000000e+00  2.74598744e-19 
 2.50000000e-01  2.50000000e-01  1.00000000e+00 -6.17303054e-04  6.17303054e-04  1.02494878e-14  0.00000000e+00  7.41493862e-19 
 3.00000000e-01  3.00000000e-01  1.00000000e+00 -6.47159463e-04  6.47159463e-04  1.03001164e-14  0.00000000e+00  2.37881527e-19 
 3.50000000e-01  3.50000000e-01  1.00000000e+00 -6.72591864e-04  6.72591864e-04  1.03502680e-14  0.00000000e+00  3.93345624e-19 
 4.00000000e-01  4.00000000e-01  1.00000000e+00 -6.95423999e-04  6.95423999e-04  1.04003531e-14  0.00000000e+00  1.81493663e-19 
 4.50000000e-01  4.50000000e-01  1.00000000e+00 -7.16577426e-04  7.16577426e-04  1.04504315e-14  0.00000000e+00  8.43716939e-19 
 5.00000000e-01  5.00000000e-01  1.00000000e+00 -7.36572299e-04  7.36572299e-04  1.05005118e-14  0.00000000e+00  2.03068794e-19 
 5.50000000e-01  5.50000000e-01  1.00000000e+00 -7.55727418e-04  7.55727418e-04  1.05519392e-14  0.00000000e+00  3.83726460e-19 
 6.00000000e-01  6.00000000e-01  1.00000000e+00 -7.74250787e-04  7.74250787e-04  1.06702602e-14  0.00000000e+00  4.09817457e-19 
 6.50000000e-01  6.50000000e-01  1.00000000e+00 -7.92284887e-04  7.92284887e-04  1.19562181e-14  0.00000000e+00  7.02078340e-20 
 7.00000000e-01  7.00000000e-01  1.00000000e+00 -8.09931175e-04  8.09931175e-04  2.54948785e-14  0.00000000e+00  3.52465991e-19 
 7.50000000e-01  7.50000000e-01  1.00000000e+00 -8.27264212e-04  8.27264212e-04  1.25570382e-13  0.00000000e+00  6.88843409e-19 
 8.00000000e-01  8.00000000e-01  1.00000000e+00 -8.44340247e-04  8.44340246e-04  6.74254082e-13  0.00000000e+00  4.60606630e-19 
 8.50000000e-01  8.50000000e-01  1.00000000e+00 -8.61202652e-04  8.61202648e-04  3.04267969e-12  0.00000000e+00  1.31496263e-19 
 9.00000000e-01  9.00000000e-01  1.00000000e+00 -8.77885506e-04  8.77885495e-04  1.14716015e-11  0.00000000e+00  4.00731982e-19 
 9.50000000e-01  9.50000000e-01  1.00000000e+00 -8.94416029e-04  8.94415992e-04  3.70916652e-11  0.00000000e+00  4.46424375e-19 
 1.00000000e+00  1.00000000e+00  1.00000000e+00 -9.10816272e-04  9.10816166e-04  1.05442792e-10  0.00000000e+00  3.61743840e-19 
 1.05000000e+00  1.05000000e+00  1.00000000e+00 -9.27104344e-04  9.27104075e-04  2.68965155e-10  0.00000000e+00  5.33154611e-20 
 1.10000000e+00  1.10000000e+00  1.00000000e+00 -9.43295305e-04  9.43294679e-04  6.25805275e-10  0.00000000e+00  4.39568637e-19 
 1.15000000e+00  1.15000000e+00  1.00000000e+00 -9.59401844e-04  9.59400498e-04  1.34589266e-09  0.00000000e+00  9.90632122e-19 
 1.20000000e+00  1.20000000e+00  1.00000000e+00 -9.75434803e-04  9.75432099e-04  2.70466716e-09  0.00000000e+00  1.84261926e-19 
 0.00000000e+00  0.00000000e+00  1.10000000e+00  1.19898662e-41  9.53259707e-42 -2.15224633e-41  0.00000000e+00  2.54894706e-57 
 5.00000000e-02  5.00000000e-02  1.10000000e+00 -3.67203994e-04  3.67203994e-04  8.59132315e-15  0.00000000e+00  3.28433422e-21 
 1.00000000e-01  1.00000000e-01  1.10000000e+00 -6.41264432e-04  6.41264432e-04  9.88724117e-15  0.00000000e+00  3.21218549e-20 
 1.50000000e-01  1.50000000e-01  1.10000000e+00 -8.28241774e-04  8.28241774e-04  1.01190141e-14  0.00000000e+00  3.72063009e-19 
 2.00000000e-01  2.00000000e-01  1.10000000e+00 -9.40578932e-04  9.40578932e-04  1.01955909e-14  0.00000000e+00  3.54702104e-19 
 2.50000000e-01  2.50000000e-01  1.10000000e+00 -1.00988332e-03  1.00988332e-03  1.02495475e-14  0.00000000e+00  2.82993969e-19 
 3.00000000e-01  3.00000000e-01  1.10000000e+00 -1.05926504e-03  1.05926504e-03  1.03002135e-14  0.00000000e+00  1.40802268e-19 
 3.50000000e-01  3.50000000e-01  1.10000000e+00 -1.09870469e-03  1.09870469e-03  1.03504056e-14  0.00000000e+00  9.06243382e-19 
 4.00000000e-01  4.00000000e-01  1.10000000e+00 -1.13250338e-03  1.13250338e-03  1.04005333e-14  0.00000000e+00  2.15532884e-19 
 4.50000000e-01  4.50000000e-01  1.10000000e+00 -1.16275800e-03  1.16275800e-03  1.04506558e-14  0.00000000e+00  1.48685698e-18 
 5.00000000e-01  5.00000000e-01  1.10000000e+00 -1.19061388e-03  1.19061388e-03  1.05007813e-14  0.00000000e+00  2.83210147e-19 
 5.50000000e-01  5.50000000e-01  1.10000000e+00 -1.21675447e-03  1.21675447e-03  1.05509107e-14  0.00000000e+00  9.78508035e-19 
 6.00000000e-01  6.00000000e-01  1.10000000e+00 -1.24161632e-03  1.24161632e-03  1.06275157e-14  0.00000000e+00  5.08502184e-20 
 6.50000000e-01  6.50000000e-01  1.10000000e+00 -1.26549346e-03  1.26549346e-03  1.13063999e-14  0.00000000e+00  9.90162668e-19 
 7.00000000e-01  7.00000000e-01  1.10000000e+00 -1.28859245e-03  1.28859245e-03  1.96584778e-14  0.00000000e+00  3.74514581e-19 
 7.50000000e-01  7.50000000e-01  1.10000000e+00 -1.31106347e-03  1.31106347e-03  9.09461133e-14  0.00000000e+00  1.74944797e-20 
 8.00000000e-01  8.00000000e-01  1.10000000e+00 -1.33301884e-03  1.33301884e-03  5.28878488e-13  0.00000000e+00  3.31855905e-19 
 8.50000000e-01  8.50000000e-01  1.10000000e+00 -1.35454457e-03  1.35454457e-03  2.59780730e-12  0.00000000e+00  7.78950770e-19 
 9.00000000e-01  9.00000000e-01  1.10000000e+00 -1.37570786e-03  1.37570785e-03  1.05143724e-11  0.00000000e+00  2.30151024e-19 
 9.50000000e-01  9.50000000e-01  1.10000000e+00 -1.39656213e-03  1.39656210e-03  3.60359137e-11  0.00000000e+00  2.61914973e-19 
 1.00000000e+00  1.00000000e+00  1.10000000e+00 -1.41715053e-03  1.41715043e-03  1.07491342e-10  0.00000000e+00  5.34509933e-19 
 1.05000000e+00  1.05000000e+00  1.10000000e+00 -1.43750836e-03  1.43750807e-03  2.85404197e-10  0.00000000e+00  5.91385128e-19 
 1.10000000e+00  1.10000000e+00  1.10000000e+00 -1.45766488e-03  1.45766419e-03  6.86785652e-10  0.00000000e+00  8.60455710e-19 
 1.15000000e+00  1.15000000e+00  1.10000000e+00 -1.47764465e-03  1.47764313e-03  1.51969156e-09  0.00000000e+00  1.04026647e-19 
 1.20000000e+00  1.20000000e+00  1.10000000e+00 -1.49746858e-03  1.49746545e-03  3.12882595e-09  0.00000000e+00  7.80248453e-19 
 0.00000000e+00  0.00000000e+00  1.20000000e+00  1.19863686e-41  9.52909946e-42 -2.15154680e-41  0.00000000e+00  2.54894706e-57 
 5.00000000e-02  5.00000000e-02  1.20000000e+00 -4.79163340e-04  4.79163340e-04  8.59132357e-15  0.00000000e+00  2.86228980e-21 
 1.00000000e-01  1.00000000e-01  1.20000000e+00 -8.55153548e-04  8.55153548e-04  9.88724299e-15  0.00000000e+00  2.47139260e-19 
 1.50000000e-01  1.50000000e-01  1.20000000e+00 -1.13239238e-03  1.13239238e-03  1.01190196e-14  0.00000000e+00  3.77529712e-19 
 2.00000000e-01  2.00000000e-01  1.20000000e+00 -1.31193221e-03  1.31193221e-03  1.01956105e-14  0.00000000e+00  2.06919973e-19 
 2.50000000e-01  2.50000000e-01  1.20000000e+00 -1.42117890e-03  1.42117890e-03  1.02495958e-14  0.00000000e+00  4.15797315e-19 
 3.00000000e-01  3.00000000e-01  1.20000000e+00 -1.49461272e-03  1.49461272e-03  1.03002992e-14  0.00000000e+00  1.61748375e-19 
 3.50000000e-01  3.50000000e-01  1.20000000e+00 -1.55029387e-03  1.55029387e-03  1.03505331e-14  0.00000000e+00  8.86512336e-20 
 4.00000000e-01  4.00000000e-01  1.20000000e+00 -1.59616659e-03  1.59616659e-03  1.04007052e-14  0.00000000e+00  4.62771129e-20 
 4.50000000e-01  4.50000000e-01  1.20000000e+00 -1.63602140e-03  1.63602140e-03  1.04508736e-14  0.00000000e+00  4.65744683e-19 
 5.00000000e-01  5.00000000e-01  1.20000000e+00 -1.67187664e-03  1.67187664e-03  1.05010464e-14  0.00000000e+00  3.31491370e-19 
 5.50000000e-01  5.50000000e-01  1.20000000e+00 -1.70491045e-03  1.70491045e-03  1.05512241e-14  0.00000000e+00  1.46330294e-20 
 6.00000000e-01  6.00000000e-01  1.20000000e+00 -1.73586189e-03  1.73586189e-03  1.06115887e-14  0.00000000e+00  6.84022808e-20 
 6.50000000e-01  6.50000000e-01  1.20000000e+00 -1.76522150e-03  1.76522150e-03  1.09946847e-14  0.00000000e+00  1.09150426e-18 
 7.00000000e-01  7.00000000e-01  1.20000000e+00 -1.79332986e-03  1.79332986e-03  1.62401809e-14  0.00000000e+00  1.21763908e-18 
 7.50000000e-01  7.50000000e-01  1.20000000e+00 -1.82043219e-03  1.82043219e-03  6.69175960e-14  0.00000000e+00  4.21064567e-19 
 8.00000000e-01  8.00000000e-01  1.20000000e+00 -1.84671041e-03  1.84671041e-03  4.10497103e-13  0.00000000e+00  2.71194633e-19 
 8.50000000e-01  8.50000000e-01  1.20000000e+00 -1.87230294e-03  1.87230294e-03  2.16543964e-12  0.00000000e+00  1.01997318e-18 
 9.00000000e-01  9.00000000e-01  1.20000000e+00 -1.89731732e-03  1.89731731e-03  9.31386372e-12  0.00000000e+00  1.60098465e-20 
 9.50000000e-01  9.50000000e-01  1.20000000e+00 -1.92183867e-03  1.92183864e-03  3.35573683e-11  0.00000000e+00  7.15399302e-20 
 1.00000000e+00  1.00000000e+00  1.20000000e+00 -1.94593543e-03  1.94593533e-03  1.04312850e-10  0.00000000e+00  7.35407353e-19 
 1.05000000e+00  1.05000000e+00  1.20000000e+00 -1.96966342e-03  1.96966313e-03  2.86638165e-10  0.00000000e+00  3.11499882e-19 
 1.10000000e+00  1.10000000e+00  1.20000000e+00 -1.99306877e-03  1.99306806e-03  7.09922064e-10  0.00000000e+00  8.80044381e-19 
 1.15000000e+00  1.15000000e+00  1.20000000e+00 -2.01619007e-03  2.01618846e-03  1.60965279e-09  0.00000000e+00  5.97607387e-19 
 1.20000000e+00  1.20000000e+00  1.20000000e+00 -2.03906001e-03  2.03905662e-03  3.38357057e-09  0.00000000e+00  7.77384340e-20 
