 v-sweep         v(drain_iv)     v(gate_iv)      id              is              ib              ig              kcl_error      
 0.00000000e+00  0.00000000e+00  0.00000000e+00 -1.79159917e-42  3.18849616e-42 -1.39689699e-42  0.00000000e+00  0.00000000e+00 
 1.00000000e-01  1.00000000e-01  0.00000000e+00 -1.97976864e-13  1.67970072e-13  3.00067921e-14  0.00000000e+00  1.26217745e-29 
 2.00000000e-01  2.00000000e-01  0.00000000e+00 -9.18816532e-14  8.17069072e-14  1.01747461e-14  0.00000000e+00  6.31088724e-30 
 3.00000000e-01  3.00000000e-01  0.00000000e+00 -1.13937248e-13  1.03638517e-13  1.02987309e-14  0.00000000e+00  1.41994963e-29 
 4.00000000e-01  4.00000000e-01  0.00000000e+00 -1.37456301e-13  1.27056365e-13  1.03999362e-14  0.00000000e+00  1.57772181e-30 
 5.00000000e-01  5.00000000e-01  0.00000000e+00 -1.62780923e-13  1.52280926e-13  1.04999968e-14  0.00000000e+00  6.31088724e-30 
 6.00000000e-01  6.00000000e-01  0.00000000e+00 -1.90096401e-13  1.79496401e-13  1.05999998e-14  0.00000000e+00  1.57772181e-30 
 7.00000000e-01  7.00000000e-01  0.00000000e+00 -2.19550692e-13  2.08850692e-13  1.07000001e-14  0.00000000e+00  4.73316543e-30 
 8.00000000e-01  8.00000000e-01  0.00000000e+00 -2.51281134e-13  2.40481131e-13  1.08000023e-14  0.00000000e+00  3.15544362e-29 
 9.00000000e-01  9.00000000e-01  0.00000000e+00 -2.85423469e-13  2.74523444e-13  1.09000248e-14  0.00000000e+00  7.88860905e-30 
 1.00000000e+00  1.00000000e+00  0.00000000e+00 -3.22115693e-13  3.11115524e-13  1.10001691e-14  0.00000000e+00  5.83757070e-29 
 1.10000000e+00  1.10000000e+00  0.00000000e+00 -3.61500099e-13  3.50399274e-13  1.11008250e-14  0.00000000e+00  6.46865942e-29 
 1.20000000e+00  1.20000000e+00  0.00000000e+00 -4.03724763e-13  3.92521629e-13  1.12031341e-14  0.00000000e+00  1.26217745e-29 
 0.00000000e+00  0.00000000e+00  1.00000000e-01 -1.80414428e-42  3.17595105e-42 -1.37180677e-42  0.00000000e+00  7.96545956e-58 
 1.00000000e-01  1.00000000e-01  1.00000000e-01 -1.19258379e-12  1.18298633e-12  9.59746707e-15  0.00000000e+00  2.05103835e-29 
 2.00000000e-01  2.00000000e-01  1.00000000e-01 -1.60799484e-12  1.59782010e-12  1.01747461e-14  0.00000000e+00  2.24036497e-28 
 3.00000000e-01  3.00000000e-01  1.00000000e-01 -2.02224467e-12  2.01194594e-12  1.02987309e-14  0.00000000e+00  3.78653235e-28 
 4.00000000e-01  4.00000000e-01  1.00000000e-01 -2.45908590e-12  2.44868596e-12  1.03999362e-14  0.00000000e+00  8.23570785e-28 
 5.00000000e-01  5.00000000e-01  1.00000000e-01 -2.92416184e-12  2.91366184e-12  1.04999968e-14  0.00000000e+00  2.83989926e-28 
 6.00000000e-01  6.00000000e-01  1.00000000e-01 -3.42034316e-12  3.40974316e-12  1.05999999e-14  0.00000000e+00  1.20695718e-27 
 7.00000000e-01  7.00000000e-01  1.00000000e-01 -3.94973034e-12  3.93903034e-12  1.07000020e-14  0.00000000e+00  1.03498551e-27 
 8.00000000e-01  8.00000000e-01  1.00000000e-01 -4.51416339e-12  4.50336335e-12  1.08000427e-14  0.00000000e+00  1.90904339e-28 
 9.00000000e-01  9.00000000e-01  1.00000000e-01 -5.11539774e-12  5.10449728e-12  1.09004609e-14  0.00000000e+00  6.59487717e-28 
 1.00000000e+00  1.00000000e+00  1.00000000e-01 -5.75517790e-12  5.74417478e-12  1.10031223e-14  0.00000000e+00  2.44546881e-28 
 1.10000000e+00  1.10000000e+00  1.00000000e-01 -6.43527516e-12  6.42416003e-12  1.11151263e-14  0.00000000e+00  1.46570356e-27 
 1.20000000e+00  1.20000000e+00  1.00000000e-01 -7.15751342e-12  7.14625636e-12  1.12570593e-14  0.00000000e+00  2.01790620e-27 
 0.00000000e+00  0.00000000e+00  2.00000000e-01 -1.81668939e-42  3.16340594e-42 -1.34671656e-42  0.00000000e+00  0.00000000e+00 
 1.00000000e-01  1.00000000e-01  2.00000000e-01 -2.32911084e-11  2.32815109e-11  9.59746707e-15  0.00000000e+00  7.90911944e-27 
 2.00000000e-01  2.00000000e-01  2.00000000e-01 -3.12254191e-11  3.12152444e-11  1.01747461e-14  0.00000000e+00  8.14262226e-27 
 3.00000000e-01  3.00000000e-01  2.00000000e-01 -3.90294880e-11  3.90191892e-11  1.02987309e-14  0.00000000e+00  3.90912133e-26 
 4.00000000e-01  4.00000000e-01  2.00000000e-01 -4.71551824e-11  4.71447824e-11  1.03999362e-14  0.00000000e+00  5.65502829e-26 
 5.00000000e-01  5.00000000e-01  2.00000000e-01 -5.57026168e-11  5.56921168e-11  1.04999968e-14  0.00000000e+00  2.75249347e-26 
 6.00000000e-01  6.00000000e-01  2.00000000e-01 -6.47167544e-11  6.47061544e-11  1.06000005e-14  0.00000000e+00  4.81978236e-26 
 7.00000000e-01  7.00000000e-01  2.00000000e-01 -7.42267417e-11  7.42160416e-11  1.07000381e-14  0.00000000e+00  3.09454356e-26 
 8.00000000e-01  8.00000000e-01  2.00000000e-01 -8.42559830e-11  8.42451822e-11  1.08007995e-14  0.00000000e+00  4.81362924e-27 
 9.00000000e-01  9.00000000e-01  2.00000000e-01 -9.48256051e-11  9.48146966e-11  1.09085605e-14  0.00000000e+00  2.36184955e-27 
 1.00000000e+00  1.00000000e+00  2.00000000e-01 -1.05955893e-10  1.05944836e-10  1.10575875e-14  0.00000000e+00  2.44830871e-26 
 1.10000000e+00  1.10000000e+00  2.00000000e-01 -1.17667009e-10  1.17655632e-10  1.13770306e-14  0.00000000e+00  6.33486861e-26 
 1.20000000e+00  1.20000000e+00  2.00000000e-01 -1.29979459e-10  1.29967221e-10  1.22377226e-14  0.00000000e+00  4.41099464e-26 
 0.00000000e+00  0.00000000e+00  3.00000000e-01 -1.82923450e-42  3.15086083e-42 -1.32162634e-42  0.00000000e+00  3.18618382e-58 
 1.00000000e-01  1.00000000e-01  3.00000000e-01 -4.56227989e-10  4.56218391e-10  9.59746707e-15  0.00000000e+00  9.49756975e-26 
 2.00000000e-01  2.00000000e-01  3.00000000e-01 -6.07206644e-10  6.07196469e-10  1.01747461e-14  0.00000000e+00  5.12784832e-25 
 3.00000000e-01  3.00000000e-01  3.00000000e-01 -7.53465325e-10  7.53455026e-10  1.02987309e-14  0.00000000e+00  1.83403850e-25 
 4.00000000e-01  4.00000000e-01  3.00000000e-01 -9.03753469e-10  9.03743069e-10  1.03999362e-14  0.00000000e+00  8.34867273e-26 
 5.00000000e-01  5.00000000e-01  3.00000000e-01 -1.05988106e-09  1.05987056e-09  1.04999968e-14  0.00000000e+00  8.85479011e-25 
 6.00000000e-01  6.00000000e-01  3.00000000e-01 -1.22256398e-09  1.22255338e-09  1.06000122e-14  0.00000000e+00  1.29247128e-24 
 7.00000000e-01  7.00000000e-01  3.00000000e-01 -1.39220039e-09  1.39218969e-09  1.07007154e-14  0.00000000e+00  7.75349296e-25 
 8.00000000e-01  8.00000000e-01  3.00000000e-01 -1.56906956e-09  1.56905875e-09  1.08148905e-14  0.00000000e+00  1.21108608e-24 
 9.00000000e-01  9.00000000e-01  3.00000000e-01 -1.75340016e-09  1.75338910e-09  1.10583064e-14  0.00000000e+00  9.77266133e-25 
 1.00000000e+00  1.00000000e+00  3.00000000e-01 -1.94539830e-09  1.94538624e-09  1.20574257e-14  0.00000000e+00  7.50312428e-25 
 1.10000000e+00  1.10000000e+00  3.00000000e-01 -2.14526140e-09  2.14524525e-09  1.61511246e-14  0.00000000e+00  4.48281253e-25 
 1.20000000e+00  1.20000000e+00  3.00000000e-01 -2.35318705e-09  2.35315706e-09  2.99886259e-14  0.00000000e+00  1.18537395e-25 
 0.00000000e+00  0.00000000e+00  4.00000000e-01 -1.84177961e-42  3.13831573e-42 -1.29653612e-42  0.00000000e+00  1.59309191e-58 
 1.00000000e-01  1.00000000e-01  4.00000000e-01 -8.77466931e-09  8.77465971e-09  9.59746707e-15  0.00000000e+00  1.83087753e-23 
 2.00000000e-01  2.00000000e-01  4.00000000e-01 -1.15925844e-08  1.15925742e-08  1.01747461e-14  0.00000000e+00  4.16933499e-24 
 3.00000000e-01  3.00000000e-01  4.00000000e-01 -1.42796825e-08  1.42796722e-08  1.02987309e-14  0.00000000e+00  7.13379223e-24 
 4.00000000e-01  4.00000000e-01  4.00000000e-01 -1.70033405e-08  1.70033301e-08  1.03999362e-14  0.00000000e+00  1.74702903e-23 
 5.00000000e-01  5.00000000e-01  4.00000000e-01 -1.97964487e-08  1.97964382e-08  1.04999975e-14  0.00000000e+00  4.68226813e-24 
 6.00000000e-01  6.00000000e-01  4.00000000e-01 -2.26706520e-08  2.26706414e-08  1.06002283e-14  0.00000000e+00  1.05997441e-23 
 7.00000000e-01  7.00000000e-01  4.00000000e-01 -2.56314043e-08  2.56313936e-08  1.07131660e-14  0.00000000e+00  1.01540503e-23 
 8.00000000e-01  8.00000000e-01  4.00000000e-01 -2.86818236e-08  2.86818125e-08  1.10721141e-14  0.00000000e+00  2.02341686e-23 
 9.00000000e-01  9.00000000e-01  4.00000000e-01 -3.18240127e-08  3.18239989e-08  1.37725932e-14  0.00000000e+00  3.15620282e-23 
 1.00000000e+00  1.00000000e+00  4.00000000e-01 -3.50596015e-08  3.50595714e-08  3.00531997e-14  0.00000000e+00  3.21831268e-24 
 1.10000000e+00  1.10000000e+00  4.00000000e-01 -3.83900113e-08  3.83899098e-08  1.01477211e-13  0.00000000e+00  1.18856852e-23 
 1.20000000e+00  1.20000000e+00  4.00000000e-01 -4.18166187e-08  4.18162736e-08  3.45033832e-13  0.00000000e+00  5.69181445e-24 
 0.00000000e+00  0.00000000e+00  5.00000000e-01 -1.85432471e-42  3.12577062e-42 -1.27144590e-42  0.00000000e+00  6.37236764e-58 
 1.00000000e-01  1.00000000e-01  5.00000000e-01 -1.56498091e-07  1.56498081e-07  9.59746709e-15  0.00000000e+00  2.30846310e-22 
 2.00000000e-01  2.00000000e-01  5.00000000e-01 -2.05198623e-07  2.05198612e-07  1.01747461e-14  0.00000000e+00  1.71662870e-23 
 3.00000000e-01  3.00000000e-01  5.00000000e-01 -2.50883121e-07  2.50883110e-07  1.02987310e-14  0.00000000e+00  4.69464598e-23 
 4.00000000e-01  4.00000000e-01  5.00000000e-01 -2.96553628e-07  2.96553617e-07  1.03999364e-14  0.00000000e+00  1.72828342e-22 
 5.00000000e-01  5.00000000e-01  5.00000000e-01 -3.42782215e-07  3.42782204e-07  1.05000094e-14  0.00000000e+00  8.28725628e-23 
 6.00000000e-01  6.00000000e-01  5.00000000e-01 -3.89757097e-07  3.89757086e-07  1.06038936e-14  0.00000000e+00  7.79491226e-22 
 7.00000000e-01  7.00000000e-01  5.00000000e-01 -4.37554724e-07  4.37554713e-07  1.09233247e-14  0.00000000e+00  5.23431744e-22 
 8.00000000e-01  8.00000000e-01  5.00000000e-01 -4.86209438e-07  4.86209423e-07  1.53902860e-14  0.00000000e+00  3.06490082e-22 
 9.00000000e-01  9.00000000e-01  5.00000000e-01 -5.35737317e-07  5.35737258e-07  5.90708019e-14  0.00000000e+00  6.71573874e-22 
 1.00000000e+00  1.00000000e+00  5.00000000e-01 -5.86145948e-07  5.86145619e-07  3.28535704e-13  0.00000000e+00  3.46700455e-23 
 1.10000000e+00  1.10000000e+00  5.00000000e-01 -6.37439124e-07  6.37437617e-07  1.50780389e-12  0.00000000e+00  5.79024611e-22 
 1.20000000e+00  1.20000000e+00  5.00000000e-01 -6.89619710e-07  6.89614205e-07  5.50436374e-12  0.00000000e+00  7.88295854e-22 
 0.00000000e+00  0.00000000e+00  6.00000000e-01 -1.86686982e-42  3.11322551e-42 -1.24635568e-42  0.00000000e+00  0.00000000e+00 
 1.00000000e-01  1.00000000e-01  6.00000000e-01 -2.20224194e-06  2.20224193e-06  9.59746732e-15  0.00000000e+00  4.25970178e-22 
 2.00000000e-01  2.00000000e-01  6.00000000e-01 -2.85348243e-06  2.85348242e-06  1.01747469e-14  0.00000000e+00  9.68872037e-21 
 3.00000000e-01  3.00000000e-01  6.00000000e-01 -3.45012528e-06  3.45012527e-06  1.02987326e-14  0.00000000e+00  7.29875043e-22 
 4.00000000e-01  4.00000000e-01  6.00000000e-01 -4.03815576e-06  4.03815575e-06  1.03999389e-14  0.00000000e+00  6.16766984e-22 
 5.00000000e-01  5.00000000e-01  6.00000000e-01 -4.62626008e-06  4.62626007e-06  1.05001410e-14  0.00000000e+00  8.84392685e-21 
 6.00000000e-01  6.00000000e-01  6.00000000e-01 -5.21726207e-06  5.21726206e-06  1.06465899e-14  0.00000000e+00  4.41387413e-21 
 7.00000000e-01  7.00000000e-01  6.00000000e-01 -5.81227345e-06  5.81227344e-06  1.34340164e-14  0.00000000e+00  8.64609996e-21 
 8.00000000e-01  8.00000000e-01  6.00000000e-01 -6.41175697e-06  6.41175690e-06  6.76844306e-14  0.00000000e+00  9.87317473e-21 
 9.00000000e-01  9.00000000e-01  6.00000000e-01 -7.01589155e-06  7.01589094e-06  6.11559144e-13  0.00000000e+00  1.29544568e-20 
 1.00000000e+00  1.00000000e+00  6.00000000e-01 -7.62472236e-06  7.62471838e-06  3.98081385e-12  0.00000000e+00  5.31615651e-21 
 1.10000000e+00  1.10000000e+00  6.00000000e-01 -8.23823274e-06  8.23821402e-06  1.87292353e-11  0.00000000e+00  1.08936068e-20 
 1.20000000e+00  1.20000000e+00  6.00000000e-01 -8.85638660e-06  8.85631797e-06  6.86310156e-11  0.00000000e+00  5.47477243e-22 
 0.00000000e+00  0.00000000e+00  7.00000000e-01 -1.87941493e-42  3.10068040e-42 -1.22126547e-42  0.00000000e+00  4.77927573e-58 
 1.00000000e-01  1.00000000e-01  7.00000000e-01 -2.00024629e-05  2.00024629e-05  9.59746892e-15  0.00000000e+00  1.64262167e-20 
 2.00000000e-01  2.00000000e-01  7.00000000e-01 -2.51927007e-05  2.51927007e-05  1.01747528e-14  0.00000000e+00  1.70218811e-20 
 3.00000000e-01  3.00000000e-01  7.00000000e-01 -2.95236670e-05  2.95236670e-05  1.02987442e-14  0.00000000e+00  2.78381698e-20 
 4.00000000e-01  4.00000000e-01  7.00000000e-01 -3.36638930e-05  3.36638929e-05  1.03999576e-14  0.00000000e+00  6.00106781e-20 
 5.00000000e-01  5.00000000e-01  7.00000000e-01 -3.77358676e-05  3.77358676e-05  1.05003987e-14  0.00000000e+00  9.04028972e-21 
 6.00000000e-01  6.00000000e-01  7.00000000e-01 -4.17810712e-05  4.17810712e-05  1.07803910e-14  0.00000000e+00  8.07397943e-20 
 7.00000000e-01  7.00000000e-01  7.00000000e-01 -4.58173936e-05  4.58173936e-05  2.34463487e-14  0.00000000e+00  1.31104678e-19 
 8.00000000e-01  8.00000000e-01  7.00000000e-01 -4.98535716e-05  4.98535713e-05  3.07917753e-13  0.00000000e+00  6.84349282e-20 
 9.00000000e-01  9.00000000e-01  7.00000000e-01 -5.38941610e-05  5.38941576e-05  3.38766181e-12  0.00000000e+00  7.61697449e-20 
 1.00000000e+00  1.00000000e+00  7.00000000e-01 -5.79416039e-05  5.79415805e-05  2.34627037e-11  0.00000000e+00  3.52357324e-20 
 1.10000000e+00  1.10000000e+00  7.00000000e-01 -6.19972199e-05  6.19971054e-05  1.14464424e-10  0.00000000e+00  4.72087744e-20 
 1.20000000e+00  1.20000000e+00  7.00000000e-01 -6.60617586e-05  6.60613286e-05  4.29985767e-10  0.00000000e+00  7.10991722e-20 
 0.00000000e+00  0.00000000e+00  8.00000000e-01 -1.89196004e-42  3.08813529e-42 -1.19617525e-42  0.00000000e+00  1.59309191e-58 
 1.00000000e-01  1.00000000e-01  8.00000000e-01 -9.74013069e-05  9.74013069e-05  9.59747225e-15  0.00000000e+00  1.14620526e-19 
 2.00000000e-01  2.00000000e-01  8.00000000e-01 -1.23849412e-04  1.23849412e-04  1.01747718e-14  0.00000000e+00  2.22929878e-20 
 3.00000000e-01  3.00000000e-01  8.00000000e-01 -1.40139255e-04  1.40139255e-04  1.02987852e-14  0.00000000e+00  1.59632840e-19 
 4.00000000e-01  4.00000000e-01  8.00000000e-01 -1.54305073e-04  1.54305073e-04  1.04000244e-14  0.00000000e+00  8.61152008e-20 
 5.00000000e-01  5.00000000e-01  8.00000000e-01 -1.67642173e-04  1.67642173e-04  1.05001236e-14  0.00000000e+00  1.13476544e-19 
 6.00000000e-01  6.00000000e-01  8.00000000e-01 -1.80564143e-04  1.80564143e-04  1.07216702e-14  0.00000000e+00  5.92561149e-20 
 7.00000000e-01  7.00000000e-01  8.00000000e-01 -1.93250162e-04  1.93250162e-04  2.50119788e-14  0.00000000e+00  5.02836195e-20 
 8.00000000e-01  8.00000000e-01  8.00000000e-01 -2.05791926e-04  2.05791925e-04  4.65575702e-13  0.00000000e+00  9.74276449e-21 
 9.00000000e-01  9.00000000e-01  8.00000000e-01 -2.18241551e-04  2.18241545e-04  6.32747057e-12  0.00000000e+00  1.24722844e-19 
 1.00000000e+00  1.00000000e+00  8.00000000e-01 -2.30630877e-04  2.30630826e-04  5.02751579e-11  0.00000000e+00  4.95692829e-20 
 1.10000000e+00  1.10000000e+00  8.00000000e-01 -2.42980469e-04  2.42980199e-04  2.69959976e-10  0.00000000e+00  8.40772741e-20 
 1.20000000e+00  1.20000000e+00  8.00000000e-01 -2.55304367e-04  2.55303280e-04  1.08686603e-09  0.00000000e+00  5.16115207e-20 
 0.00000000e+00  0.00000000e+00  9.00000000e-01 -1.90450515e-42  3.07559018e-42 -1.17108503e-42  0.00000000e+00  6.37236764e-58 
 1.00000000e-01  1.00000000e-01  9.00000000e-01 -2.41860708e-04  2.41860708e-04  9.59747442e-15  0.00000000e+00  1.00049402e-19 
 2.00000000e-01  2.00000000e-01  9.00000000e-01 -3.32698840e-04  3.32698840e-04  1.01747957e-14  0.00000000e+00  4.25634352e-19 
 3.00000000e-01  3.00000000e-01  9.00000000e-01 -3.73904111e-04  3.73904111e-04  1.02988511e-14  0.00000000e+00  1.48014111e-19 
 4.00000000e-01  4.00000000e-01  9.00000000e-01 -4.04321632e-04  4.04321632e-04  1.04001396e-14  0.00000000e+00  2.86598053e-19 
 5.00000000e-01  5.00000000e-01  9.00000000e-01 -4.30891432e-04  4.30891432e-04  1.05002928e-14  0.00000000e+00  2.59409421e-19 
 6.00000000e-01  6.00000000e-01  9.00000000e-01 -4.55581273e-04  4.55581273e-04  1.06313849e-14  0.00000000e+00  7.78531557e-20 
 7.00000000e-01  7.00000000e-01  9.00000000e-01 -4.79189744e-04  4.79189744e-04  1.79415441e-14  0.00000000e+00  4.37565454e-19 
 8.00000000e-01  8.00000000e-01  9.00000000e-01 -5.02112564e-04  5.02112564e-04  3.54321587e-13  0.00000000e+00  1.94820613e-20 
 9.00000000e-01  9.00000000e-01  9.00000000e-01 -5.24571910e-04  5.24571903e-04  6.17258205e-12  0.00000000e+00  3.94267052e-20 
 1.00000000e+00  1.00000000e+00  9.00000000e-01 -5.46703665e-04  5.46703607e-04  5.82370126e-11  0.00000000e+00  1.78084154e-19 
 1.10000000e+00  1.10000000e+00  9.00000000e-01 -5.68596386e-04  5.68596034e-04  3.52636406e-10  0.00000000e+00  4.45207838e-19 
 1.20000000e+00  1.20000000e+00  9.00000000e-01 -5.90310964e-04  5.90309416e-04  1.54813135e-09  0.00000000e+00  2.54612190e-19 
 0.00000000e+00  0.00000000e+00  1.00000000e+00 -1.91705026e-42  3.06304507e-42 -1.14599481e-42  0.00000000e+00  0.00000000e+00 
 1.00000000e-01  1.00000000e-01  1.00000000e+00 -4.07259838e-04  4.07259838e-04  9.59747583e-15  0.00000000e+00  1.18195991e-19 
 2.00000000e-01  2.00000000e-01  1.00000000e+00 -6.04921549e-04  6.04921549e-04  1.01748124e-14  0.00000000e+00  2.25517894e-19 
 3.00000000e-01  3.00000000e-01  1.00000000e+00 -6.87879113e-04  6.87879113e-04  1.02989174e-14  0.00000000e+00  2.97807680e-19 
 4.00000000e-01  4.00000000e-01  1.00000000e+00 -7.39767324e-04  7.39767324e-04  1.04002691e-14  0.00000000e+00  2.65488797e-19 
 5.00000000e-01  5.00000000e-01  1.00000000e+00 -7.81452473e-04  7.81452473e-04  1.05004914e-14  0.00000000e+00  2.23439276e-19 
 6.00000000e-01  6.00000000e-01  1.00000000e+00 -8.18401947e-04  8.18401947e-04  1.06072925e-14  0.00000000e+00  1.07876927e-19 
 7.00000000e-01  7.00000000e-01  1.00000000e+00 -8.52690532e-04  8.52690532e-04  1.38991501e-14  0.00000000e+00  3.21786473e-19 
 8.00000000e-01  8.00000000e-01  1.00000000e+00 -8.85304828e-04  8.85304827e-04  2.31156416e-13  0.00000000e+00  2.57641358e-19 
 9.00000000e-01  9.00000000e-01  1.00000000e+00 -9.16784848e-04  9.16784843e-04  5.00619654e-12  0.00000000e+00  1.31548590e-19 
 1.00000000e+00  1.00000000e+00  1.00000000e+00 -9.47455726e-04  9.47455671e-04  5.51638941e-11  0.00000000e+00  5.77060893e-19 
 1.10000000e+00  1.10000000e+00  1.00000000e+00 -9.77527278e-04  9.77526906e-04  3.72108541e-10  0.00000000e+00  2.94728071e-19 
 1.20000000e+00  1.20000000e+00  1.00000000e+00 -1.00714261e-03  1.00714084e-03  1.76513741e-09  0.00000000e+00  3.00798026e-20 
 0.00000000e+00  0.00000000e+00  1.10000000e+00 -1.92959537e-42  3.05049996e-42 -1.12090459e-42  0.00000000e+00  4.77927573e-58 
 1.00000000e-01  1.00000000e-01  1.10000000e+00 -5.71243200e-04  5.71243200e-04  9.59747695e-15  0.00000000e+00  1.19321733e-19 
 2.00000000e-01  2.00000000e-01  1.10000000e+00 -8.95507937e-04  8.95507937e-04  1.01748220e-14  0.00000000e+00  2.35107481e-19 
 3.00000000e-01  3.00000000e-01  1.10000000e+00 -1.03768857e-03  1.03768857e-03  1.02989735e-14  0.00000000e+00  3.53911883e-19 
 4.00000000e-01  4.00000000e-01  1.10000000e+00 -1.11607500e-03  1.11607500e-03  1.04003933e-14  0.00000000e+00  2.92413012e-19 
 5.00000000e-01  5.00000000e-01  1.10000000e+00 -1.17432859e-03  1.17432859e-03  1.05006913e-14  0.00000000e+00  8.43820992e-19 
 6.00000000e-01  6.00000000e-01  1.10000000e+00 -1.22368228e-03  1.22368228e-03  1.06018595e-14  0.00000000e+00  3.36677490e-19 
 7.00000000e-01  7.00000000e-01  1.10000000e+00 -1.26816899e-03  1.26816899e-03  1.21601714e-14  0.00000000e+00  4.56977293e-19 
 8.00000000e-01  8.00000000e-01  1.10000000e+00 -1.30963669e-03  1.30963669e-03  1.50783521e-13  0.00000000e+00  4.89596954e-19 
 9.00000000e-01  9.00000000e-01  1.10000000e+00 -1.34907258e-03  1.34907257e-03  3.90448297e-12  0.00000000e+00  1.08708378e-19 
 1.00000000e+00  1.00000000e+00  1.10000000e+00 -1.38706137e-03  1.38706132e-03  4.91947965e-11  0.00000000e+00  2.50578986e-19 
 1.10000000e+00  1.10000000e+00  1.10000000e+00 -1.42397611e-03  1.42397574e-03  3.64100555e-10  0.00000000e+00  1.66824493e-19 
 1.20000000e+00  1.20000000e+00  1.10000000e+00 -1.46006887e-03  1.46006703e-03  1.84548658e-09  0.00000000e+00  8.86480157e-19 
 0.00000000e+00  0.00000000e+00  1.20000000e+00 -1.94214048e-42  3.03795485e-42 -1.09581437e-42  0.00000000e+00  6.37236764e-58 
 1.00000000e-01  1.00000000e-01  1.20000000e+00 -7.27767978e-04  7.27767978e-04  9.59747786e-15  0.00000000e+00  1.20233223e-19 
 2.00000000e-01  2.00000000e-01  1.20000000e+00 -1.18391146e-03  1.18391146e-03  1.01748271e-14  0.00000000e+00  2.40216916e-19 
 3.00000000e-01  3.00000000e-01  1.20000000e+00 -1.40081197e-03  1.40081197e-03  1.02990171e-14  0.00000000e+00  3.61611261e-20 
 4.00000000e-01  4.00000000e-01  1.20000000e+00 -1.51094283e-03  1.51094283e-03  1.04005053e-14  0.00000000e+00  1.87530974e-19 
 5.00000000e-01  5.00000000e-01  1.20000000e+00 -1.58732875e-03  1.58732875e-03  1.05008815e-14  0.00000000e+00  2.67095262e-19 
 6.00000000e-01  6.00000000e-01  1.20000000e+00 -1.64942275e-03  1.64942275e-03  1.06012216e-14  0.00000000e+00  1.07208674e-19 
 7.00000000e-01  7.00000000e-01  1.20000000e+00 -1.70390533e-03  1.70390533e-03  1.13842234e-14  0.00000000e+00  1.00620472e-19 
 8.00000000e-01  8.00000000e-01  1.20000000e+00 -1.75373872e-03  1.75373872e-03  9.98107746e-14  0.00000000e+00  2.26867700e-19 
 9.00000000e-01  9.00000000e-01  1.20000000e+00 -1.80047074e-03  1.80047074e-03  2.99417753e-12  0.00000000e+00  3.63034610e-19 
 1.00000000e+00  1.00000000e+00  1.20000000e+00 -1.84500428e-03  1.84500424e-03  4.25711060e-11  0.00000000e+00  7.59710476e-19 
 1.10000000e+00  1.10000000e+00  1.20000000e+00 -1.88790901e-03  1.88790867e-03  3.42465366e-10  0.00000000e+00  5.25405997e-20 
 1.20000000e+00  1.20000000e+00  1.20000000e+00 -1.92956662e-03  1.92956477e-03  1.84197279e-09  0.00000000e+00  3.04844800e-19 
