 v-sweep         v(gate_phys)    id_mono         diff_id        
 0.00000000e+00  0.00000000e+00 -6.78422712e-11 -1.47893181e-09 
 1.00000000e-02  1.00000000e-02 -8.47337399e-11 -1.89936193e-09 
 2.00000000e-02  2.00000000e-02 -1.05829510e-10 -2.37207503e-09 
 3.00000000e-02  3.00000000e-02 -1.32175241e-10 -2.96234181e-09 
 4.00000000e-02  4.00000000e-02 -1.65076346e-10 -3.69935780e-09 
 5.00000000e-02  5.00000000e-02 -2.06162397e-10 -4.61955469e-09 
 6.00000000e-02  6.00000000e-02 -2.57467440e-10 -5.76838799e-09 
 7.00000000e-02  7.00000000e-02 -3.21530156e-10 -7.20256398e-09 
 8.00000000e-02  8.00000000e-02 -4.01518720e-10 -8.99281312e-09 
 9.00000000e-02  9.00000000e-02 -5.01386419e-10 -1.12273426e-08 
 1.00000000e-01  1.00000000e-01 -6.26065571e-10 -1.40161325e-08 
 1.10000000e-01  1.10000000e-01 -7.81709069e-10 -1.74962801e-08 
 1.20000000e-01  1.20000000e-01 -9.75991173e-10 -2.18386428e-08 
 1.30000000e-01  1.30000000e-01 -1.21848193e-09 -2.72560929e-08 
 1.40000000e-01  1.40000000e-01 -1.52111303e-09 -3.40137670e-08 
 1.50000000e-01  1.50000000e-01 -1.89875727e-09 -4.24417836e-08 
 1.60000000e-01  1.60000000e-01 -2.36994870e-09 -5.29510112e-08 
 1.70000000e-01  1.70000000e-01 -2.95777749e-09 -6.60526004e-08 
 1.80000000e-01  1.80000000e-01 -3.69100071e-09 -8.23821559e-08 
 1.90000000e-01  1.90000000e-01 -4.60542061e-09 -1.02729616e-07 
 2.00000000e-01  2.00000000e-01 -5.74559303e-09 -1.28076142e-07 
 2.10000000e-01  2.10000000e-01 -7.16694345e-09 -1.59639606e-07 
 2.20000000e-01  2.20000000e-01 -8.93838514e-09 -1.98930577e-07 
 2.30000000e-01  2.30000000e-01 -1.11455550e-08 -2.47821137e-07 
 2.40000000e-01  2.40000000e-01 -1.38948079e-08 -3.08629281e-07 
 2.50000000e-01  2.50000000e-01 -1.73181406e-08 -3.84222228e-07 
 2.60000000e-01  2.60000000e-01 -2.15792524e-08 -4.78142560e-07 
 2.70000000e-01  2.70000000e-01 -2.68809918e-08 -5.94761849e-07 
 2.80000000e-01  2.80000000e-01 -3.34744894e-08 -7.39467191e-07 
 2.90000000e-01  2.90000000e-01 -4.16703356e-08 -9.18886953e-07 
 3.00000000e-01  3.00000000e-01 -5.18522285e-08 -1.14116299e-06 
 3.10000000e-01  3.10000000e-01 -6.44935954e-08 -1.41627751e-06 
 3.20000000e-01  3.20000000e-01 -8.01777788e-08 -1.75644391e-06 
 3.30000000e-01  3.30000000e-01 -9.96224735e-08 -2.17657147e-06 
 3.40000000e-01  3.40000000e-01 -1.23709208e-07 -2.69481513e-06 
 3.50000000e-01  3.50000000e-01 -1.53518776e-07 -3.33322157e-06 
 3.60000000e-01  3.60000000e-01 -1.90373639e-07 -4.11848339e-06 
 3.70000000e-01  3.70000000e-01 -2.35888444e-07 -5.08281265e-06 
 3.80000000e-01  3.80000000e-01 -2.92029893e-07 -6.26494421e-06 
 3.90000000e-01  3.90000000e-01 -3.61187328e-07 -7.71127724e-06 
 4.00000000e-01  4.00000000e-01 -4.46255437e-07 -9.47716074e-06 
 4.10000000e-01  4.10000000e-01 -5.50730543e-07 -1.16283245e-05 
 4.20000000e-01  4.20000000e-01 -6.78821927e-07 -1.42424521e-05 
 4.30000000e-01  4.30000000e-01 -8.35579585e-07 -1.74108866e-05 
 4.40000000e-01  4.40000000e-01 -1.02703966e-06 -2.12404503e-05 
 4.50000000e-01  4.50000000e-01 -1.26038859e-06 -2.58553552e-05 
 4.60000000e-01  4.60000000e-01 -1.54414676e-06 -3.13991671e-05 
 4.70000000e-01  4.70000000e-01 -1.88837193e-06 -3.80367802e-05 
 4.80000000e-01  4.80000000e-01 -2.30488237e-06 -4.59563463e-05 
 4.90000000e-01  4.90000000e-01 -2.80749886e-06 -5.53710872e-05 
 5.00000000e-01  5.00000000e-01 -3.41230411e-06 -6.65209046e-05 
 5.10000000e-01  5.10000000e-01 -4.13791695e-06 -7.96736716e-05 
 5.20000000e-01  5.20000000e-01 -5.00577754e-06 -9.51260563e-05 
 5.30000000e-01  5.30000000e-01 -6.04043808e-06 -1.13203675e-04 
 5.40000000e-01  5.40000000e-01 -7.26985104e-06 -1.34260307e-04 
 5.50000000e-01  5.50000000e-01 -8.72564421e-06 -1.58675819e-04 
 5.60000000e-01  5.60000000e-01 -1.04433674e-05 -1.86852378e-04 
 5.70000000e-01  5.70000000e-01 -1.24626918e-05 -2.19208442e-04 
 5.80000000e-01  5.80000000e-01 -1.48275363e-05 -2.56170041e-04 
 5.90000000e-01  5.90000000e-01 -1.75860926e-05 -2.98158870e-04 
 6.00000000e-01  6.00000000e-01 -2.07907137e-05 -3.45576957e-04 
 6.10000000e-01  6.10000000e-01 -2.44976317e-05 -3.98787932e-04 
 6.20000000e-01  6.20000000e-01 -2.87664723e-05 -4.58095407e-04 
 6.30000000e-01  6.30000000e-01 -3.36595399e-05 -5.23719518e-04 
 6.40000000e-01  6.40000000e-01 -3.92408627e-05 -5.95773223e-04 
 6.50000000e-01  6.50000000e-01 -4.55750043e-05 -6.74240440e-04 
 6.60000000e-01  6.60000000e-01 -5.27256715e-05 -7.58958359e-04 
 6.70000000e-01  6.70000000e-01 -6.07541715e-05 -8.49606207e-04 
 6.80000000e-01  6.80000000e-01 -6.97177956e-05 -9.45702359e-04 
 6.90000000e-01  6.90000000e-01 -7.96682187e-05 -1.04661094e-03 
 7.00000000e-01  7.00000000e-01 -9.06500144e-05 -1.15155811e-03 
 7.10000000e-01  7.10000000e-01 -1.02699381e-04 -1.25965717e-03 
 7.20000000e-01  7.20000000e-01 -1.15843158e-04 -1.36994058e-03 
 7.30000000e-01  7.30000000e-01 -1.30098193e-04 -1.48139656e-03 
 7.40000000e-01  7.40000000e-01 -1.45471089e-04 -1.59300699e-03 
 7.50000000e-01  7.50000000e-01 -1.61958333e-04 -1.70378414e-03 
 7.60000000e-01  7.60000000e-01 -1.79546772e-04 -1.81280324e-03 
 7.70000000e-01  7.70000000e-01 -1.98214397e-04 -1.91922941e-03 
 7.80000000e-01  7.80000000e-01 -2.17931360e-04 -2.02233738e-03 
 7.90000000e-01  7.90000000e-01 -2.38661145e-04 -2.12152389e-03 
 8.00000000e-01  8.00000000e-01 -2.60361838e-04 -2.21631286e-03 
 8.10000000e-01  8.10000000e-01 -2.82987402e-04 -2.30635425e-03 
 8.20000000e-01  8.20000000e-01 -3.06488923e-04 -2.39141761e-03 
 8.30000000e-01  8.30000000e-01 -3.30815754e-04 -2.47138182e-03 
 8.40000000e-01  8.40000000e-01 -3.55916559e-04 -2.54622208e-03 
 8.50000000e-01  8.50000000e-01 -3.81740196e-04 -2.61599560e-03 
 8.60000000e-01  8.60000000e-01 -4.08236471e-04 -2.68082675e-03 
 8.70000000e-01  8.70000000e-01 -4.35356731e-04 -2.74089279e-03 
 8.80000000e-01  8.80000000e-01 -4.63054327e-04 -2.79641040e-03 
 8.90000000e-01  8.90000000e-01 -4.91284939e-04 -2.84762375e-03 
 9.00000000e-01  9.00000000e-01 -5.20006802e-04 -2.89479402e-03 
 9.10000000e-01  9.10000000e-01 -5.49180820e-04 -2.93819064e-03 
 9.20000000e-01  9.20000000e-01 -5.78770614e-04 -2.97808411e-03 
 9.30000000e-01  9.30000000e-01 -6.08742502e-04 -3.01474035e-03 
 9.40000000e-01  9.40000000e-01 -6.39065421e-04 -3.04841635e-03 
 9.50000000e-01  9.50000000e-01 -6.69710829e-04 -3.07935712e-03 
 9.60000000e-01  9.60000000e-01 -7.00652564e-04 -3.10779345e-03 
 9.70000000e-01  9.70000000e-01 -7.31866698e-04 -3.13394071e-03 
 9.80000000e-01  9.80000000e-01 -7.63331378e-04 -3.15799815e-03 
 9.90000000e-01  9.90000000e-01 -7.95026661e-04 -3.18014884e-03 
 1.00000000e+00  1.00000000e+00 -8.26934355e-04 -3.20055989e-03 
 1.01000000e+00  1.01000000e+00 -8.59037859e-04 -3.21938310e-03 
 1.02000000e+00  1.02000000e+00 -8.91322017e-04 -3.23675567e-03 
 1.03000000e+00  1.03000000e+00 -9.23772972e-04 -3.25280118e-03 
 1.04000000e+00  1.04000000e+00 -9.56378040e-04 -3.26763052e-03 
 1.05000000e+00  1.05000000e+00 -9.89125583e-04 -3.28134293e-03 
 1.06000000e+00  1.06000000e+00 -1.02200490e-03 -3.29402704e-03 
 1.07000000e+00  1.07000000e+00 -1.05500612e-03 -3.30576182e-03 
 1.08000000e+00  1.08000000e+00 -1.08812014e-03 -3.31661758e-03 
 1.09000000e+00  1.09000000e+00 -1.12133847e-03 -3.32665680e-03 
 1.10000000e+00  1.10000000e+00 -1.15465327e-03 -3.33593504e-03 
 1.11000000e+00  1.11000000e+00 -1.18805718e-03 -3.34450163e-03 
 1.12000000e+00  1.12000000e+00 -1.22154330e-03 -3.35240042e-03 
 1.13000000e+00  1.13000000e+00 -1.25510518e-03 -3.35967044e-03 
 1.14000000e+00  1.14000000e+00 -1.28873671e-03 -3.36634638e-03 
 1.15000000e+00  1.15000000e+00 -1.32243211e-03 -3.37245923e-03 
 1.16000000e+00  1.16000000e+00 -1.35618590e-03 -3.37803663e-03 
 1.17000000e+00  1.17000000e+00 -1.38999284e-03 -3.38310335e-03 
 1.18000000e+00  1.18000000e+00 -1.42384796e-03 -3.38768163e-03 
 1.19000000e+00  1.19000000e+00 -1.45774648e-03 -3.39179149e-03 
 1.20000000e+00  1.20000000e+00 -1.49168379e-03 -3.39567189e-03 
