 v-sweep         v(vdd_therm)    v(gate_therm)   id_therm        power           efficiency     
 0.00000000e+00  0.00000000e+00  0.00000000e+00 -2.42451167e-30 -0.00000000e+00  5.87825684e-42 
 1.00000000e-01  1.00000000e-01  0.00000000e+00 -1.97976854e-13 -1.97976854e-14 -1.05319804e+00 
 2.00000000e-01  2.00000000e-01  0.00000000e+00 -9.18816633e-14 -1.83763327e-14 -1.05754954e+00 
 3.00000000e-01  3.00000000e-01  0.00000000e+00 -1.13937281e-13 -3.41811844e-14 -1.03013756e+00 
 4.00000000e-01  4.00000000e-01  0.00000000e+00 -1.37456313e-13 -5.49825251e-14 -1.01852451e+00 
 5.00000000e-01  5.00000000e-01  0.00000000e+00 -1.62780955e-13 -8.13904777e-14 -1.01243928e+00 
 6.00000000e-01  6.00000000e-01  0.00000000e+00 -1.90096340e-13 -1.14057804e-13 -1.00884503e+00 
 7.00000000e-01  7.00000000e-01  0.00000000e+00 -2.19550734e-13 -1.53685514e-13 -1.00654941e+00 
 8.00000000e-01  8.00000000e-01  0.00000000e+00 -2.51281198e-13 -2.01024958e-13 -1.00499938e+00 
 9.00000000e-01  9.00000000e-01  0.00000000e+00 -2.85423508e-13 -2.56881157e-13 -1.00390806e+00 
 1.00000000e+00  1.00000000e+00  0.00000000e+00 -3.22115673e-13 -3.22115673e-13 -1.00311414e+00 
 1.10000000e+00  1.10000000e+00  0.00000000e+00 -3.61499901e-13 -3.97649891e-13 -1.00252111e+00 
 1.20000000e+00  1.20000000e+00  0.00000000e+00 -4.03724746e-13 -4.84469695e-13 -1.00206838e+00 
 0.00000000e+00  0.00000000e+00  1.00000000e-01 -8.61220230e-29 -0.00000000e+00  7.41700284e-39 
 1.00000000e-01  1.00000000e-01  1.00000000e-01 -1.19258379e-12 -1.19258379e-13 -1.00845605e+00 
 2.00000000e-01  2.00000000e-01  1.00000000e-01 -1.60799481e-12 -3.21598963e-13 -1.00311915e+00 
 3.00000000e-01  3.00000000e-01  1.00000000e-01 -2.02224463e-12 -6.06673388e-13 -1.00165105e+00 
 4.00000000e-01  4.00000000e-01  1.00000000e-01 -2.45908587e-12 -9.83634347e-13 -1.00101767e+00 
 5.00000000e-01  5.00000000e-01  1.00000000e-01 -2.92416180e-12 -1.46208090e-12 -1.00068442e+00 
 6.00000000e-01  6.00000000e-01  1.00000000e-01 -3.42034308e-12 -2.05220585e-12 -1.00048751e+00 
 7.00000000e-01  7.00000000e-01  1.00000000e-01 -3.94973034e-12 -2.76481124e-12 -1.00036181e+00 
 8.00000000e-01  8.00000000e-01  1.00000000e-01 -4.51416347e-12 -3.61133077e-12 -1.00027698e+00 
 9.00000000e-01  9.00000000e-01  1.00000000e-01 -5.11539771e-12 -4.60385794e-12 -1.00021725e+00 
 1.00000000e+00  1.00000000e+00  1.00000000e-01 -5.75517778e-12 -5.75517778e-12 -1.00017378e+00 
 1.10000000e+00  1.10000000e+00  1.00000000e-01 -6.43527494e-12 -7.07880243e-12 -1.00014128e+00 
 1.20000000e+00  1.20000000e+00  1.00000000e-01 -7.15751339e-12 -8.58901606e-12 -1.00011644e+00 
 0.00000000e+00  0.00000000e+00  2.00000000e-01 -3.88133633e-27 -0.00000000e+00  1.50647717e-35 
 1.00000000e-01  1.00000000e-01  2.00000000e-01 -2.32911064e-11 -2.32911064e-12 -1.00042930e+00 
 2.00000000e-01  2.00000000e-01  2.00000000e-01 -3.12254167e-11 -6.24508333e-12 -1.00016000e+00 
 3.00000000e-01  3.00000000e-01  2.00000000e-01 -3.90294849e-11 -1.17088455e-11 -1.00008528e+00 
 4.00000000e-01  4.00000000e-01  2.00000000e-01 -4.71551784e-11 -1.88620714e-11 -1.00005290e+00 
 5.00000000e-01  5.00000000e-01  2.00000000e-01 -5.57026119e-11 -2.78513060e-11 -1.00003579e+00 
 6.00000000e-01  6.00000000e-01  2.00000000e-01 -6.47167484e-11 -3.88300490e-11 -1.00002565e+00 
 7.00000000e-01  7.00000000e-01  2.00000000e-01 -7.42267344e-11 -5.19587141e-11 -1.00001914e+00 
 8.00000000e-01  8.00000000e-01  2.00000000e-01 -8.42559743e-11 -6.74047794e-11 -1.00001473e+00 
 9.00000000e-01  9.00000000e-01  2.00000000e-01 -9.48255948e-11 -8.53430353e-11 -1.00001161e+00 
 1.00000000e+00  1.00000000e+00  2.00000000e-01 -1.05955881e-10 -1.05955881e-10 -1.00000933e+00 
 1.10000000e+00  1.10000000e+00  2.00000000e-01 -1.17666995e-10 -1.29433694e-10 -1.00000762e+00 
 1.20000000e+00  1.20000000e+00  2.00000000e-01 -1.29979442e-10 -1.55975331e-10 -1.00000630e+00 
 0.00000000e+00  0.00000000e+00  3.00000000e-01 -1.46140096e-39 -0.00000000e+00  2.13569277e-60 
 1.00000000e-01  1.00000000e-01  3.00000000e-01 -4.56227231e-10 -4.56227231e-11 -1.00001736e+00 
 2.00000000e-01  2.00000000e-01  3.00000000e-01 -6.07205759e-10 -1.21441152e-10 -1.00000520e+00 
 3.00000000e-01  3.00000000e-01  3.00000000e-01 -7.53464211e-10 -2.26039263e-10 -1.00000191e+00 
 4.00000000e-01  4.00000000e-01  3.00000000e-01 -9.03752086e-10 -3.61500834e-10 -1.00000051e+00 
 5.00000000e-01  5.00000000e-01  3.00000000e-01 -1.05987938e-09 -5.29939688e-10 -9.99999767e-01 
 6.00000000e-01  6.00000000e-01  3.00000000e-01 -1.22256195e-09 -7.33537171e-10 -9.99999326e-01 
 7.00000000e-01  7.00000000e-01  3.00000000e-01 -1.39219798e-09 -9.74538583e-10 -9.99999037e-01 
 8.00000000e-01  8.00000000e-01  3.00000000e-01 -1.56906673e-09 -1.25525339e-09 -9.99998835e-01 
 9.00000000e-01  9.00000000e-01  3.00000000e-01 -1.75339686e-09 -1.57805717e-09 -9.99998685e-01 
 1.00000000e+00  1.00000000e+00  3.00000000e-01 -1.94539448e-09 -1.94539448e-09 -9.99998569e-01 
 1.10000000e+00  1.10000000e+00  3.00000000e-01 -2.14525703e-09 -2.35978273e-09 -9.99998474e-01 
 1.20000000e+00  1.20000000e+00  3.00000000e-01 -2.35318206e-09 -2.82381847e-09 -9.99998393e-01 
 0.00000000e+00  0.00000000e+00  4.00000000e-01 -6.88824490e-38 -0.00000000e+00  4.74479178e-57 
 1.00000000e-01  1.00000000e-01  4.00000000e-01 -8.77439475e-09 -8.77439475e-10 -9.99913396e-01 
 2.00000000e-01  2.00000000e-01  4.00000000e-01 -1.15922719e-08 -2.31845438e-09 -9.99942470e-01 
 3.00000000e-01  3.00000000e-01  4.00000000e-01 -1.42792975e-08 -4.28378924e-09 -9.99952636e-01 
 4.00000000e-01  4.00000000e-01  4.00000000e-01 -1.70028720e-08 -6.80114879e-09 -9.99957640e-01 
 5.00000000e-01  5.00000000e-01  4.00000000e-01 -1.97958880e-08 -9.89794400e-09 -9.99960509e-01 
 6.00000000e-01  6.00000000e-01  4.00000000e-01 -2.26699907e-08 -1.36019944e-08 -9.99962290e-01 
 7.00000000e-01  7.00000000e-01  4.00000000e-01 -2.56306340e-08 -1.79414438e-08 -9.99963441e-01 
 8.00000000e-01  8.00000000e-01  4.00000000e-01 -2.86809356e-08 -2.29447485e-08 -9.99964192e-01 
 9.00000000e-01  9.00000000e-01  4.00000000e-01 -3.18229979e-08 -2.86406981e-08 -9.99964676e-01 
 1.00000000e+00  1.00000000e+00  4.00000000e-01 -3.50584506e-08 -3.50584506e-08 -9.99964970e-01 
 1.10000000e+00  1.10000000e+00  4.00000000e-01 -3.83887144e-08 -4.22275858e-08 -9.99965125e-01 
 1.20000000e+00  1.20000000e+00  4.00000000e-01 -4.18151655e-08 -5.01781986e-08 -9.99965174e-01 
 0.00000000e+00  0.00000000e+00  5.00000000e-01  6.85507000e-24  0.00000000e+00  4.69919847e-29 
 1.00000000e-01  1.00000000e-01  5.00000000e-01 -1.56412706e-07 -1.56412706e-08 -9.98435937e-01 
 2.00000000e-01  2.00000000e-01  5.00000000e-01 -2.05103925e-07 -4.10207850e-08 -9.98974505e-01 
 3.00000000e-01  3.00000000e-01  5.00000000e-01 -2.50768975e-07 -7.52306924e-08 -9.99164117e-01 
 4.00000000e-01  4.00000000e-01  5.00000000e-01 -2.96417569e-07 -1.18567028e-07 -9.99258965e-01 
 5.00000000e-01  5.00000000e-01  5.00000000e-01 -3.42622614e-07 -1.71311307e-07 -9.99314761e-01 
 6.00000000e-01  6.00000000e-01  5.00000000e-01 -3.89572531e-07 -2.33743518e-07 -9.99350717e-01 
 7.00000000e-01  7.00000000e-01  5.00000000e-01 -4.37343835e-07 -3.06140684e-07 -9.99375226e-01 
 8.00000000e-01  8.00000000e-01  5.00000000e-01 -4.85970887e-07 -3.88776710e-07 -9.99392539e-01 
 9.00000000e-01  9.00000000e-01  5.00000000e-01 -5.35469770e-07 -4.81922793e-07 -9.99405036e-01 
 1.00000000e+00  1.00000000e+00  5.00000000e-01 -5.85848057e-07 -5.85848057e-07 -9.99414154e-01 
 1.10000000e+00  1.10000000e+00  5.00000000e-01 -6.37109525e-07 -7.00820478e-07 -9.99420811e-01 
 1.20000000e+00  1.20000000e+00  5.00000000e-01 -6.89257006e-07 -8.27108407e-07 -9.99425620e-01 
 0.00000000e+00  0.00000000e+00  6.00000000e-01 -2.86470085e-23 -0.00000000e+00  8.20651093e-28 
 1.00000000e-01  1.00000000e-01  6.00000000e-01 -2.18581100e-06 -2.18581100e-07 -9.78141895e-01 
 2.00000000e-01  2.00000000e-01  6.00000000e-01 -2.83621623e-06 -5.67243246e-07 -9.85818921e-01 
 3.00000000e-01  3.00000000e-01  6.00000000e-01 -3.42988755e-06 -1.02896627e-06 -9.88567042e-01 
 4.00000000e-01  4.00000000e-01  6.00000000e-01 -4.01457648e-06 -1.60583059e-06 -9.89963559e-01 
 5.00000000e-01  5.00000000e-01  6.00000000e-01 -4.59916125e-06 -2.29958062e-06 -9.90801678e-01 
 6.00000000e-01  6.00000000e-01  6.00000000e-01 -5.18651699e-06 -3.11191019e-06 -9.91355805e-01 
 7.00000000e-01  7.00000000e-01  6.00000000e-01 -5.77777601e-06 -4.04444320e-06 -9.91746035e-01 
 8.00000000e-01  8.00000000e-01  6.00000000e-01 -6.37341165e-06 -5.09872932e-06 -9.92033236e-01 
 9.00000000e-01  9.00000000e-01  6.00000000e-01 -6.97360930e-06 -6.27624837e-06 -9.92251545e-01 
 1.00000000e+00  1.00000000e+00  6.00000000e-01 -7.57841832e-06 -7.57841832e-06 -9.92421582e-01 
 1.10000000e+00  1.10000000e+00  6.00000000e-01 -8.18782457e-06 -9.00660702e-06 -9.92556523e-01 
 1.20000000e+00  1.20000000e+00  6.00000000e-01 -8.80179242e-06 -1.05621509e-05 -9.92665173e-01 
 0.00000000e+00  0.00000000e+00  7.00000000e-01 -1.66535249e-21 -0.00000000e+00  2.77339890e-24 
 1.00000000e-01  1.00000000e-01  7.00000000e-01 -1.86205272e-05 -1.86205272e-06 -8.13794728e-01 
 2.00000000e-01  2.00000000e-01  7.00000000e-01 -2.40819174e-05 -4.81638348e-06 -8.79590413e-01 
 3.00000000e-01  3.00000000e-01  7.00000000e-01 -2.83260053e-05 -8.49780160e-06 -9.05579982e-01 
 4.00000000e-01  4.00000000e-01  7.00000000e-01 -3.23358244e-05 -1.29343298e-05 -9.19160439e-01 
 5.00000000e-01  5.00000000e-01  7.00000000e-01 -3.62637315e-05 -1.81318658e-05 -9.27472537e-01 
 6.00000000e-01  6.00000000e-01  7.00000000e-01 -4.01583648e-05 -2.40950189e-05 -9.33069392e-01 
 7.00000000e-01  7.00000000e-01  7.00000000e-01 -4.40401928e-05 -3.08281350e-05 -9.37085439e-01 
 8.00000000e-01  8.00000000e-01  7.00000000e-01 -4.79191341e-05 -3.83353073e-05 -9.40101082e-01 
 9.00000000e-01  9.00000000e-01  7.00000000e-01 -5.18003840e-05 -4.66203456e-05 -9.42444018e-01 
 1.00000000e+00  1.00000000e+00  7.00000000e-01 -5.56867713e-05 -5.56867713e-05 -9.44313229e-01 
 1.10000000e+00  1.10000000e+00  7.00000000e-01 -5.95798551e-05 -6.55378406e-05 -9.45836495e-01 
 1.20000000e+00  1.20000000e+00  7.00000000e-01 -6.34805045e-05 -7.61766054e-05 -9.47099580e-01 
 0.00000000e+00  0.00000000e+00  8.00000000e-01 -3.57958220e-21 -0.00000000e+00  1.28134087e-23 
 1.00000000e-01  1.00000000e-01  8.00000000e-01 -5.73449700e-05 -5.73449700e-06 -4.26550300e-01 
 2.00000000e-01  2.00000000e-01  8.00000000e-01 -9.81790069e-05 -1.96358014e-05 -5.09104966e-01 
 3.00000000e-01  3.00000000e-01  8.00000000e-01 -1.19990742e-04 -3.59972226e-05 -6.00030860e-01 
 4.00000000e-01  4.00000000e-01  8.00000000e-01 -1.34835145e-04 -5.39340581e-05 -6.62912137e-01 
 5.00000000e-01  5.00000000e-01  8.00000000e-01 -1.47695396e-04 -7.38476979e-05 -7.04609208e-01 
 6.00000000e-01  6.00000000e-01  8.00000000e-01 -1.59742264e-04 -9.58453581e-05 -7.33762894e-01 
 7.00000000e-01  7.00000000e-01  8.00000000e-01 -1.71373386e-04 -1.19961370e-04 -7.55180878e-01 
 8.00000000e-01  8.00000000e-01  8.00000000e-01 -1.82764224e-04 -1.46211379e-04 -7.71544721e-01 
 9.00000000e-01  9.00000000e-01  8.00000000e-01 -1.94005400e-04 -1.74604860e-04 -7.84438445e-01 
 1.00000000e+00  1.00000000e+00  8.00000000e-01 -2.05148770e-04 -2.05148770e-04 -7.94851230e-01 
 1.10000000e+00  1.10000000e+00  8.00000000e-01 -2.16226215e-04 -2.37848837e-04 -8.03430713e-01 
 1.20000000e+00  1.20000000e+00  8.00000000e-01 -2.27258401e-04 -2.72710081e-04 -8.10617999e-01 
 0.00000000e+00  0.00000000e+00  9.00000000e-01  7.49135130e-21  0.00000000e+00  5.61203444e-23 
 1.00000000e-01  1.00000000e-01  9.00000000e-01 -7.60407476e-05 -7.60407476e-06 -2.39592524e-01 
 2.00000000e-01  2.00000000e-01  9.00000000e-01 -1.48558156e-04 -2.97116311e-05 -2.57209222e-01 
 3.00000000e-01  3.00000000e-01  9.00000000e-01 -2.15896147e-04 -6.47688442e-05 -2.80346176e-01 
 4.00000000e-01  4.00000000e-01  9.00000000e-01 -2.74845392e-04 -1.09938157e-04 -3.12886519e-01 
 5.00000000e-01  5.00000000e-01  9.00000000e-01 -3.20705842e-04 -1.60352921e-04 -3.58588317e-01 
 6.00000000e-01  6.00000000e-01  9.00000000e-01 -3.53995081e-04 -2.12397049e-04 -4.10008198e-01 
 7.00000000e-01  7.00000000e-01  9.00000000e-01 -3.80365912e-04 -2.66256138e-04 -4.56620126e-01 
 8.00000000e-01  8.00000000e-01  9.00000000e-01 -4.03375032e-04 -3.22700026e-04 -4.95781209e-01 
 9.00000000e-01  9.00000000e-01  9.00000000e-01 -4.24580494e-04 -3.82122445e-04 -5.28243895e-01 
 1.00000000e+00  1.00000000e+00  9.00000000e-01 -4.44710052e-04 -4.44710052e-04 -5.55289948e-01 
 1.10000000e+00  1.10000000e+00  9.00000000e-01 -4.64144641e-04 -5.10559105e-04 -5.78050327e-01 
 1.20000000e+00  1.20000000e+00  9.00000000e-01 -4.83103467e-04 -5.79724160e-04 -5.97413778e-01 
 0.00000000e+00  0.00000000e+00  1.00000000e+00  6.21903590e-21  0.00000000e+00  3.86764075e-23 
 1.00000000e-01  1.00000000e-01  1.00000000e+00 -8.35549627e-05 -8.35549627e-06 -1.64450373e-01 
 2.00000000e-01  2.00000000e-01  1.00000000e+00 -1.65846760e-04 -3.31693520e-05 -1.70766200e-01 
 3.00000000e-01  3.00000000e-01  1.00000000e+00 -2.46608702e-04 -7.39826105e-05 -1.77970995e-01 
 4.00000000e-01  4.00000000e-01  1.00000000e+00 -3.25462512e-04 -1.30185005e-04 -1.86343720e-01 
 5.00000000e-01  5.00000000e-01  1.00000000e+00 -4.01834174e-04 -2.00917087e-04 -1.96331652e-01 
 6.00000000e-01  6.00000000e-01  1.00000000e+00 -4.74766666e-04 -2.84859999e-04 -2.08722224e-01 
 7.00000000e-01  7.00000000e-01  1.00000000e+00 -5.42516840e-04 -3.79761788e-04 -2.24975943e-01 
 8.00000000e-01  8.00000000e-01  1.00000000e+00 -6.02240513e-04 -4.81792411e-04 -2.47199359e-01 
 9.00000000e-01  9.00000000e-01  1.00000000e+00 -6.51785509e-04 -5.86606958e-04 -2.75793879e-01 
 1.00000000e+00  1.00000000e+00  1.00000000e+00 -6.92431989e-04 -6.92431989e-04 -3.07568011e-01 
 1.10000000e+00  1.10000000e+00  1.00000000e+00 -7.27106186e-04 -7.99816804e-04 -3.38994377e-01 
 1.20000000e+00  1.20000000e+00  1.00000000e+00 -7.58050855e-04 -9.09661026e-04 -3.68290954e-01 
 0.00000000e+00  0.00000000e+00  1.10000000e+00  1.03221672e-20  0.00000000e+00  1.06547136e-22 
 1.00000000e-01  1.00000000e-01  1.10000000e+00 -8.73435507e-05 -8.73435507e-06 -1.26564493e-01 
 2.00000000e-01  2.00000000e-01  1.10000000e+00 -1.74060505e-04 -3.48121011e-05 -1.29697473e-01 
 3.00000000e-01  3.00000000e-01  1.10000000e+00 -2.60071981e-04 -7.80215943e-05 -1.33093396e-01 
 4.00000000e-01  4.00000000e-01  1.10000000e+00 -3.45280515e-04 -1.38112206e-04 -1.36798713e-01 
 5.00000000e-01  5.00000000e-01  1.10000000e+00 -4.29562611e-04 -2.14781306e-04 -1.40874777e-01 
 6.00000000e-01  6.00000000e-01  1.10000000e+00 -5.12756384e-04 -3.07653830e-04 -1.45406027e-01 
 7.00000000e-01  7.00000000e-01  1.10000000e+00 -5.94639412e-04 -4.16247588e-04 -1.50515126e-01 
 8.00000000e-01  8.00000000e-01  1.10000000e+00 -6.74885758e-04 -5.39908607e-04 -1.56392802e-01 
 9.00000000e-01  9.00000000e-01  1.10000000e+00 -7.52977639e-04 -6.77679875e-04 -1.63358178e-01 
 1.00000000e+00  1.00000000e+00  1.10000000e+00 -8.28030616e-04 -8.28030616e-04 -1.71969384e-01 
 1.10000000e+00  1.10000000e+00  1.10000000e+00 -8.98550720e-04 -9.88405792e-04 -1.83135709e-01 
 1.20000000e+00  1.20000000e+00  1.10000000e+00 -9.62532454e-04 -1.15503894e-03 -1.97889622e-01 
 0.00000000e+00  0.00000000e+00  1.20000000e+00 -3.89437638e-41 -0.00000000e+00  1.51661674e-63 
 1.00000000e-01  1.00000000e-01  1.20000000e+00 -8.95853040e-05 -8.95853040e-06 -1.04146960e-01 
 2.00000000e-01  2.00000000e-01  1.20000000e+00 -1.78798303e-04 -3.57596606e-05 -1.06008486e-01 
 3.00000000e-01  3.00000000e-01  1.20000000e+00 -2.67606752e-04 -8.02820257e-05 -1.07977492e-01 
 4.00000000e-01  4.00000000e-01  1.20000000e+00 -3.55973326e-04 -1.42389331e-04 -1.10066684e-01 
 5.00000000e-01  5.00000000e-01  1.20000000e+00 -4.43854288e-04 -2.21927144e-04 -1.12291425e-01 
 6.00000000e-01  6.00000000e-01  1.20000000e+00 -5.31197601e-04 -3.18718561e-04 -1.14670665e-01 
 7.00000000e-01  7.00000000e-01  1.20000000e+00 -6.17940143e-04 -4.32558100e-04 -1.17228368e-01 
 8.00000000e-01  8.00000000e-01  1.20000000e+00 -7.04003368e-04 -5.63202694e-04 -1.19995790e-01 
 9.00000000e-01  9.00000000e-01  1.20000000e+00 -7.89286219e-04 -7.10357597e-04 -1.23015312e-01 
 1.00000000e+00  1.00000000e+00  1.20000000e+00 -8.73652873e-04 -8.73652873e-04 -1.26347127e-01 
 1.10000000e+00  1.10000000e+00  1.20000000e+00 -9.56910561e-04 -1.05260162e-03 -1.30081308e-01 
 1.20000000e+00  1.20000000e+00  1.20000000e+00 -1.03876839e-03 -1.24652207e-03 -1.34359673e-01 
