 v-sweep         v(drain_bias)   v(gate_bias)    id_bias         gm              gds             ro             
 0.00000000e+00  0.00000000e+00  0.00000000e+00  1.10759669e-61  1.52317149e-02  3.42864995e-03  2.91659987e+02 
 3.00000000e-01  3.00000000e-01  0.00000000e+00 -4.18635331e-08  1.52317149e-02  3.42864995e-03  2.91659987e+02 
 6.00000000e-01  6.00000000e-01  0.00000000e+00 -1.28085865e-07  1.52317149e-02  3.42864995e-03  2.91659987e+02 
 9.00000000e-01  9.00000000e-01  0.00000000e+00 -3.86457938e-07  1.52317149e-02  3.42864995e-03  2.91659987e+02 
 1.20000000e+00  1.20000000e+00  0.00000000e+00 -1.16788545e-06  1.52317149e-02  3.42864995e-03  2.91659987e+02 
 0.00000000e+00  0.00000000e+00  4.00000000e-01  2.41164090e-10  1.52317149e-02  3.42864995e-03  2.91659987e+02 
 3.00000000e-01  3.00000000e-01  4.00000000e-01 -5.27491619e-04  1.52317149e-02  3.42864995e-03  2.91659987e+02 
 6.00000000e-01  6.00000000e-01  4.00000000e-01 -9.29178487e-04  1.52317149e-02  3.42864995e-03  2.91659987e+02 
 9.00000000e-01  9.00000000e-01  4.00000000e-01 -1.46446635e-03  1.52317149e-02  3.42864995e-03  2.91659987e+02 
 1.20000000e+00  1.20000000e+00  4.00000000e-01 -2.13247309e-03  1.52317149e-02  3.42864995e-03  2.91659987e+02 
 0.00000000e+00  0.00000000e+00  8.00000000e-01  4.47282389e-09  1.52317149e-02  3.42864995e-03  2.91659987e+02 
 3.00000000e-01  3.00000000e-01  8.00000000e-01 -5.99581065e-03  1.52317149e-02  3.42864995e-03  2.91659987e+02 
 6.00000000e-01  6.00000000e-01  8.00000000e-01 -7.14839344e-03  1.52317149e-02  3.42864995e-03  2.91659987e+02 
 9.00000000e-01  9.00000000e-01  8.00000000e-01 -8.05705657e-03  1.52317149e-02  3.42864995e-03  2.91659987e+02 
 1.20000000e+00  1.20000000e+00  8.00000000e-01 -8.97743791e-03  1.52317149e-02  3.42864995e-03  2.91659987e+02 
 0.00000000e+00  0.00000000e+00  1.20000000e+00  2.71402094e-08  1.52317149e-02  3.42864995e-03  2.91659987e+02 
 3.00000000e-01  3.00000000e-01  1.20000000e+00 -9.58560605e-03  1.52317149e-02  3.42864995e-03  2.91659987e+02 
 6.00000000e-01  6.00000000e-01  1.20000000e+00 -1.31030916e-02  1.52317149e-02  3.42864995e-03  2.91659987e+02 
 9.00000000e-01  9.00000000e-01  1.20000000e+00 -1.43049424e-02  1.52317149e-02  3.42864995e-03  2.91659987e+02 
 1.20000000e+00  1.20000000e+00  1.20000000e+00 -1.53381693e-02  1.52317149e-02  3.42864995e-03  2.91659987e+02 
