 v-sweep         v(gate_iv)      v(drain_iv)     id_log         
 0.00000000e+00  0.00000000e+00  5.00000000e-02 -7.83829583e+00 
 1.00000000e-02  1.00000000e-02  5.00000000e-02 -7.71819884e+00 
 2.00000000e-02  2.00000000e-02  5.00000000e-02 -7.59820238e+00 
 3.00000000e-02  3.00000000e-02  5.00000000e-02 -7.47832844e+00 
 4.00000000e-02  4.00000000e-02  5.00000000e-02 -7.35859896e+00 
 5.00000000e-02  5.00000000e-02  5.00000000e-02 -7.23903687e+00 
 6.00000000e-02  6.00000000e-02  5.00000000e-02 -7.11966708e+00 
 7.00000000e-02  7.00000000e-02  5.00000000e-02 -7.00051713e+00 
 8.00000000e-02  8.00000000e-02  5.00000000e-02 -6.88161701e+00 
 9.00000000e-02  9.00000000e-02  5.00000000e-02 -6.76299995e+00 
 1.00000000e-01  1.00000000e-01  5.00000000e-02 -6.64470334e+00 
 1.10000000e-01  1.10000000e-01  5.00000000e-02 -6.52676902e+00 
 1.20000000e-01  1.20000000e-01  5.00000000e-02 -6.40924355e+00 
 1.30000000e-01  1.30000000e-01  5.00000000e-02 -6.29217859e+00 
 1.40000000e-01  1.40000000e-01  5.00000000e-02 -6.17563106e+00 
 1.50000000e-01  1.50000000e-01  5.00000000e-02 -6.05966344e+00 
 1.60000000e-01  1.60000000e-01  5.00000000e-02 -5.94434381e+00 
 1.70000000e-01  1.70000000e-01  5.00000000e-02 -5.82974588e+00 
 1.80000000e-01  1.80000000e-01  5.00000000e-02 -5.71594883e+00 
 1.90000000e-01  1.90000000e-01  5.00000000e-02 -5.60303701e+00 
 2.00000000e-01  2.00000000e-01  5.00000000e-02 -5.49109939e+00 
 2.10000000e-01  2.10000000e-01  5.00000000e-02 -5.38022894e+00 
 2.20000000e-01  2.20000000e-01  5.00000000e-02 -5.27052171e+00 
 2.30000000e-01  2.30000000e-01  5.00000000e-02 -5.16207587e+00 
 2.40000000e-01  2.40000000e-01  5.00000000e-02 -5.05499077e+00 
 2.50000000e-01  2.50000000e-01  5.00000000e-02 -4.94936602e+00 
 2.60000000e-01  2.60000000e-01  5.00000000e-02 -4.84530103e+00 
 2.70000000e-01  2.70000000e-01  5.00000000e-02 -4.74289495e+00 
 2.80000000e-01  2.80000000e-01  5.00000000e-02 -4.64224742e+00 
 2.90000000e-01  2.90000000e-01  5.00000000e-02 -4.54346024e+00 
 3.00000000e-01  3.00000000e-01  5.00000000e-02 -4.44663993e+00 
 3.10000000e-01  3.10000000e-01  5.00000000e-02 -4.35190109e+00 
 3.20000000e-01  3.20000000e-01  5.00000000e-02 -4.25937016e+00 
 3.30000000e-01  3.30000000e-01  5.00000000e-02 -4.16918880e+00 
 3.40000000e-01  3.40000000e-01  5.00000000e-02 -4.08151627e+00 
 3.50000000e-01  3.50000000e-01  5.00000000e-02 -3.99653124e+00 
 3.60000000e-01  3.60000000e-01  5.00000000e-02 -3.91451487e+00 
 3.70000000e-01  3.70000000e-01  5.00000000e-02 -3.83570604e+00 
 3.80000000e-01  3.80000000e-01  5.00000000e-02 -3.76028702e+00 
 3.90000000e-01  3.90000000e-01  5.00000000e-02 -3.68842707e+00 
 4.00000000e-01  4.00000000e-01  5.00000000e-02 -3.62027055e+00 
 4.10000000e-01  4.10000000e-01  5.00000000e-02 -3.55592577e+00 
 4.20000000e-01  4.20000000e-01  5.00000000e-02 -3.49545624e+00 
 4.30000000e-01  4.30000000e-01  5.00000000e-02 -3.43887542e+00 
 4.40000000e-01  4.40000000e-01  5.00000000e-02 -3.38614553e+00 
 4.50000000e-01  4.50000000e-01  5.00000000e-02 -3.33718020e+00 
 4.60000000e-01  4.60000000e-01  5.00000000e-02 -3.29185039e+00 
 4.70000000e-01  4.70000000e-01  5.00000000e-02 -3.24999240e+00 
 4.80000000e-01  4.80000000e-01  5.00000000e-02 -3.21141680e+00 
 4.90000000e-01  4.90000000e-01  5.00000000e-02 -3.17591740e+00 
 5.00000000e-01  5.00000000e-01  5.00000000e-02 -3.14327932e+00 
 5.10000000e-01  5.10000000e-01  5.00000000e-02 -3.11328593e+00 
 5.20000000e-01  5.20000000e-01  5.00000000e-02 -3.08572435e+00 
 5.30000000e-01  5.30000000e-01  5.00000000e-02 -3.06038947e+00 
 5.40000000e-01  5.40000000e-01  5.00000000e-02 -3.03708687e+00 
 5.50000000e-01  5.50000000e-01  5.00000000e-02 -3.01563452e+00 
 5.60000000e-01  5.60000000e-01  5.00000000e-02 -2.99586375e+00 
 5.70000000e-01  5.70000000e-01  5.00000000e-02 -2.97761949e+00 
 5.80000000e-01  5.80000000e-01  5.00000000e-02 -2.96076011e+00 
 5.90000000e-01  5.90000000e-01  5.00000000e-02 -2.94515687e+00 
 6.00000000e-01  6.00000000e-01  5.00000000e-02 -2.93069321e+00 
 6.10000000e-01  6.10000000e-01  5.00000000e-02 -2.91726391e+00 
 6.20000000e-01  6.20000000e-01  5.00000000e-02 -2.90477418e+00 
 6.30000000e-01  6.30000000e-01  5.00000000e-02 -2.89313876e+00 
 6.40000000e-01  6.40000000e-01  5.00000000e-02 -2.88228101e+00 
 6.50000000e-01  6.50000000e-01  5.00000000e-02 -2.87213210e+00 
 6.60000000e-01  6.60000000e-01  5.00000000e-02 -2.86263021e+00 
 6.70000000e-01  6.70000000e-01  5.00000000e-02 -2.85371980e+00 
 6.80000000e-01  6.80000000e-01  5.00000000e-02 -2.84535093e+00 
 6.90000000e-01  6.90000000e-01  5.00000000e-02 -2.83747870e+00 
 7.00000000e-01  7.00000000e-01  5.00000000e-02 -2.83006267e+00 
 7.10000000e-01  7.10000000e-01  5.00000000e-02 -2.82306639e+00 
 7.20000000e-01  7.20000000e-01  5.00000000e-02 -2.81645697e+00 
 7.30000000e-01  7.30000000e-01  5.00000000e-02 -2.81020469e+00 
 7.40000000e-01  7.40000000e-01  5.00000000e-02 -2.80428267e+00 
 7.50000000e-01  7.50000000e-01  5.00000000e-02 -2.79866653e+00 
 7.60000000e-01  7.60000000e-01  5.00000000e-02 -2.79333417e+00 
 7.70000000e-01  7.70000000e-01  5.00000000e-02 -2.78826548e+00 
 7.80000000e-01  7.80000000e-01  5.00000000e-02 -2.78344218e+00 
 7.90000000e-01  7.90000000e-01  5.00000000e-02 -2.77884757e+00 
 8.00000000e-01  8.00000000e-01  5.00000000e-02 -2.77446643e+00 
 8.10000000e-01  8.10000000e-01  5.00000000e-02 -2.77028483e+00 
 8.20000000e-01  8.20000000e-01  5.00000000e-02 -2.76629001e+00 
 8.30000000e-01  8.30000000e-01  5.00000000e-02 -2.76247025e+00 
 8.40000000e-01  8.40000000e-01  5.00000000e-02 -2.75881480e+00 
 8.50000000e-01  8.50000000e-01  5.00000000e-02 -2.75531375e+00 
 8.60000000e-01  8.60000000e-01  5.00000000e-02 -2.75195798e+00 
 8.70000000e-01  8.70000000e-01  5.00000000e-02 -2.74873908e+00 
 8.80000000e-01  8.80000000e-01  5.00000000e-02 -2.74564924e+00 
 8.90000000e-01  8.90000000e-01  5.00000000e-02 -2.74268127e+00 
 9.00000000e-01  9.00000000e-01  5.00000000e-02 -2.73982849e+00 
 9.10000000e-01  9.10000000e-01  5.00000000e-02 -2.73708468e+00 
 9.20000000e-01  9.20000000e-01  5.00000000e-02 -2.73444411e+00 
 9.30000000e-01  9.30000000e-01  5.00000000e-02 -2.73190139e+00 
 9.40000000e-01  9.40000000e-01  5.00000000e-02 -2.72945153e+00 
 9.50000000e-01  9.50000000e-01  5.00000000e-02 -2.72708988e+00 
 9.60000000e-01  9.60000000e-01  5.00000000e-02 -2.72481207e+00 
 9.70000000e-01  9.70000000e-01  5.00000000e-02 -2.72261404e+00 
 9.80000000e-01  9.80000000e-01  5.00000000e-02 -2.72049198e+00 
 9.90000000e-01  9.90000000e-01  5.00000000e-02 -2.71844231e+00 
 1.00000000e+00  1.00000000e+00  5.00000000e-02 -2.71646168e+00 
 1.01000000e+00  1.01000000e+00  5.00000000e-02 -2.71454696e+00 
 1.02000000e+00  1.02000000e+00  5.00000000e-02 -2.71269517e+00 
 1.03000000e+00  1.03000000e+00  5.00000000e-02 -2.71090354e+00 
 1.04000000e+00  1.04000000e+00  5.00000000e-02 -2.70916944e+00 
 1.05000000e+00  1.05000000e+00  5.00000000e-02 -2.70749041e+00 
 1.06000000e+00  1.06000000e+00  5.00000000e-02 -2.70586412e+00 
 1.07000000e+00  1.07000000e+00  5.00000000e-02 -2.70428835e+00 
 1.08000000e+00  1.08000000e+00  5.00000000e-02 -2.70276104e+00 
 1.09000000e+00  1.09000000e+00  5.00000000e-02 -2.70128021e+00 
 1.10000000e+00  1.10000000e+00  5.00000000e-02 -2.69984401e+00 
 1.11000000e+00  1.11000000e+00  5.00000000e-02 -2.69845066e+00 
 1.12000000e+00  1.12000000e+00  5.00000000e-02 -2.69709849e+00 
 1.13000000e+00  1.13000000e+00  5.00000000e-02 -2.69578591e+00 
 1.14000000e+00  1.14000000e+00  5.00000000e-02 -2.69451143e+00 
 1.15000000e+00  1.15000000e+00  5.00000000e-02 -2.69327360e+00 
 1.16000000e+00  1.16000000e+00  5.00000000e-02 -2.69207106e+00 
 1.17000000e+00  1.17000000e+00  5.00000000e-02 -2.69090253e+00 
 1.18000000e+00  1.18000000e+00  5.00000000e-02 -2.68976676e+00 
 1.19000000e+00  1.19000000e+00  5.00000000e-02 -2.68866258e+00 
 1.20000000e+00  1.20000000e+00  5.00000000e-02 -2.68758888e+00 
 0.00000000e+00  0.00000000e+00  3.50000000e-01 -7.29662360e+00 
 1.00000000e-02  1.00000000e-02  3.50000000e-01 -7.17744015e+00 
 2.00000000e-02  2.00000000e-02  3.50000000e-01 -7.05831325e+00 
 3.00000000e-02  3.00000000e-02  3.50000000e-01 -6.93930611e+00 
 4.00000000e-02  4.00000000e-02  3.50000000e-01 -6.82047407e+00 
 5.00000000e-02  5.00000000e-02  3.50000000e-01 -6.70186813e+00 
 6.00000000e-02  6.00000000e-02  3.50000000e-01 -6.58353754e+00 
 7.00000000e-02  7.00000000e-02  3.50000000e-01 -6.46553174e+00 
 8.00000000e-02  8.00000000e-02  3.50000000e-01 -6.34790183e+00 
 9.00000000e-02  9.00000000e-02  3.50000000e-01 -6.23070166e+00 
 1.00000000e-01  1.00000000e-01  3.50000000e-01 -6.11398865e+00 
 1.10000000e-01  1.10000000e-01  3.50000000e-01 -5.99782437e+00 
 1.20000000e-01  1.20000000e-01  3.50000000e-01 -5.88227487e+00 
 1.30000000e-01  1.30000000e-01  3.50000000e-01 -5.76741082e+00 
 1.40000000e-01  1.40000000e-01  3.50000000e-01 -5.65330743e+00 
 1.50000000e-01  1.50000000e-01  3.50000000e-01 -5.54004411e+00 
 1.60000000e-01  1.60000000e-01  3.50000000e-01 -5.42770392e+00 
 1.70000000e-01  1.70000000e-01  3.50000000e-01 -5.31637273e+00 
 1.80000000e-01  1.80000000e-01  3.50000000e-01 -5.20613821e+00 
 1.90000000e-01  1.90000000e-01  3.50000000e-01 -5.09708857e+00 
 2.00000000e-01  2.00000000e-01  3.50000000e-01 -4.98931124e+00 
 2.10000000e-01  2.10000000e-01  3.50000000e-01 -4.88289157e+00 
 2.20000000e-01  2.20000000e-01  3.50000000e-01 -4.77791172e+00 
 2.30000000e-01  2.30000000e-01  3.50000000e-01 -4.67444998e+00 
 2.40000000e-01  2.40000000e-01  3.50000000e-01 -4.57258075e+00 
 2.50000000e-01  2.50000000e-01  3.50000000e-01 -4.47237533e+00 
 2.60000000e-01  2.60000000e-01  3.50000000e-01 -4.37390367e+00 
 2.70000000e-01  2.70000000e-01  3.50000000e-01 -4.27723709e+00 
 2.80000000e-01  2.80000000e-01  3.50000000e-01 -4.18245158e+00 
 2.90000000e-01  2.90000000e-01  3.50000000e-01 -4.08963137e+00 
 3.00000000e-01  3.00000000e-01  3.50000000e-01 -3.99887200e+00 
 3.10000000e-01  3.10000000e-01  3.50000000e-01 -3.91028216e+00 
 3.20000000e-01  3.20000000e-01  3.50000000e-01 -3.82398360e+00 
 3.30000000e-01  3.30000000e-01  3.50000000e-01 -3.74010880e+00 
 3.40000000e-01  3.40000000e-01  3.50000000e-01 -3.65879620e+00 
 3.50000000e-01  3.50000000e-01  3.50000000e-01 -3.58018511e+00 
 3.60000000e-01  3.60000000e-01  3.50000000e-01 -3.50448692e+00 
 3.70000000e-01  3.70000000e-01  3.50000000e-01 -3.43184903e+00 
 3.80000000e-01  3.80000000e-01  3.50000000e-01 -3.36234399e+00 
 3.90000000e-01  3.90000000e-01  3.50000000e-01 -3.29601549e+00 
 4.00000000e-01  4.00000000e-01  3.50000000e-01 -3.23287583e+00 
 4.10000000e-01  4.10000000e-01  3.50000000e-01 -3.17290561e+00 
 4.20000000e-01  4.20000000e-01  3.50000000e-01 -3.11605539e+00 
 4.30000000e-01  4.30000000e-01  3.50000000e-01 -3.06224888e+00 
 4.40000000e-01  4.40000000e-01  3.50000000e-01 -3.01138719e+00 
 4.50000000e-01  4.50000000e-01  3.50000000e-01 -2.96335346e+00 
 4.60000000e-01  4.60000000e-01  3.50000000e-01 -2.91801761e+00 
 4.70000000e-01  4.70000000e-01  3.50000000e-01 -2.87524082e+00 
 4.80000000e-01  4.80000000e-01  3.50000000e-01 -2.83487950e+00 
 4.90000000e-01  4.90000000e-01  3.50000000e-01 -2.79678873e+00 
 5.00000000e-01  5.00000000e-01  3.50000000e-01 -2.76082494e+00 
 5.10000000e-01  5.10000000e-01  3.50000000e-01 -2.72684819e+00 
 5.20000000e-01  5.20000000e-01  3.50000000e-01 -2.69472366e+00 
 5.30000000e-01  5.30000000e-01  3.50000000e-01 -2.66432286e+00 
 5.40000000e-01  5.40000000e-01  3.50000000e-01 -2.63552435e+00 
 5.50000000e-01  5.50000000e-01  3.50000000e-01 -2.60821407e+00 
 5.60000000e-01  5.60000000e-01  3.50000000e-01 -2.58228558e+00 
 5.70000000e-01  5.70000000e-01  3.50000000e-01 -2.55763993e+00 
 5.80000000e-01  5.80000000e-01  3.50000000e-01 -2.53418552e+00 
 5.90000000e-01  5.90000000e-01  3.50000000e-01 -2.51183778e+00 
 6.00000000e-01  6.00000000e-01  3.50000000e-01 -2.49051883e+00 
 6.10000000e-01  6.10000000e-01  3.50000000e-01 -2.47015709e+00 
 6.20000000e-01  6.20000000e-01  3.50000000e-01 -2.45068683e+00 
 6.30000000e-01  6.30000000e-01  3.50000000e-01 -2.43204779e+00 
 6.40000000e-01  6.40000000e-01  3.50000000e-01 -2.41418477e+00 
 6.50000000e-01  6.50000000e-01  3.50000000e-01 -2.39704720e+00 
 6.60000000e-01  6.60000000e-01  3.50000000e-01 -2.38058880e+00 
 6.70000000e-01  6.70000000e-01  3.50000000e-01 -2.36476719e+00 
 6.80000000e-01  6.80000000e-01  3.50000000e-01 -2.34954359e+00 
 6.90000000e-01  6.90000000e-01  3.50000000e-01 -2.33488250e+00 
 7.00000000e-01  7.00000000e-01  3.50000000e-01 -2.32075142e+00 
 7.10000000e-01  7.10000000e-01  3.50000000e-01 -2.30712057e+00 
 7.20000000e-01  7.20000000e-01  3.50000000e-01 -2.29396269e+00 
 7.30000000e-01  7.30000000e-01  3.50000000e-01 -2.28125282e+00 
 7.40000000e-01  7.40000000e-01  3.50000000e-01 -2.26896806e+00 
 7.50000000e-01  7.50000000e-01  3.50000000e-01 -2.25708744e+00 
 7.60000000e-01  7.60000000e-01  3.50000000e-01 -2.24559173e+00 
 7.70000000e-01  7.70000000e-01  3.50000000e-01 -2.23446329e+00 
 7.80000000e-01  7.80000000e-01  3.50000000e-01 -2.22368595e+00 
 7.90000000e-01  7.90000000e-01  3.50000000e-01 -2.21324488e+00 
 8.00000000e-01  8.00000000e-01  3.50000000e-01 -2.20312646e+00 
 8.10000000e-01  8.10000000e-01  3.50000000e-01 -2.19331819e+00 
 8.20000000e-01  8.20000000e-01  3.50000000e-01 -2.18380859e+00 
 8.30000000e-01  8.30000000e-01  3.50000000e-01 -2.17458709e+00 
 8.40000000e-01  8.40000000e-01  3.50000000e-01 -2.16564395e+00 
 8.50000000e-01  8.50000000e-01  3.50000000e-01 -2.15697021e+00 
 8.60000000e-01  8.60000000e-01  3.50000000e-01 -2.14855754e+00 
 8.70000000e-01  8.70000000e-01  3.50000000e-01 -2.14039824e+00 
 8.80000000e-01  8.80000000e-01  3.50000000e-01 -2.13248510e+00 
 8.90000000e-01  8.90000000e-01  3.50000000e-01 -2.12481137e+00 
 9.00000000e-01  9.00000000e-01  3.50000000e-01 -2.11737067e+00 
 9.10000000e-01  9.10000000e-01  3.50000000e-01 -2.11015696e+00 
 9.20000000e-01  9.20000000e-01  3.50000000e-01 -2.10316441e+00 
 9.30000000e-01  9.30000000e-01  3.50000000e-01 -2.09638743e+00 
 9.40000000e-01  9.40000000e-01  3.50000000e-01 -2.08982053e+00 
 9.50000000e-01  9.50000000e-01  3.50000000e-01 -2.08345836e+00 
 9.60000000e-01  9.60000000e-01  3.50000000e-01 -2.07729559e+00 
 9.70000000e-01  9.70000000e-01  3.50000000e-01 -2.07132695e+00 
 9.80000000e-01  9.80000000e-01  3.50000000e-01 -2.06554716e+00 
 9.90000000e-01  9.90000000e-01  3.50000000e-01 -2.05995093e+00 
 1.00000000e+00  1.00000000e+00  3.50000000e-01 -2.05453295e+00 
 1.01000000e+00  1.01000000e+00  3.50000000e-01 -2.04928790e+00 
 1.02000000e+00  1.02000000e+00  3.50000000e-01 -2.04421043e+00 
 1.03000000e+00  1.03000000e+00  3.50000000e-01 -2.03929519e+00 
 1.04000000e+00  1.04000000e+00  3.50000000e-01 -2.03453683e+00 
 1.05000000e+00  1.05000000e+00  3.50000000e-01 -2.02993003e+00 
 1.06000000e+00  1.06000000e+00  3.50000000e-01 -2.02546952e+00 
 1.07000000e+00  1.07000000e+00  3.50000000e-01 -2.02115006e+00 
 1.08000000e+00  1.08000000e+00  3.50000000e-01 -2.01696652e+00 
 1.09000000e+00  1.09000000e+00  3.50000000e-01 -2.01291384e+00 
 1.10000000e+00  1.10000000e+00  3.50000000e-01 -2.00898708e+00 
 1.11000000e+00  1.11000000e+00  3.50000000e-01 -2.00518143e+00 
 1.12000000e+00  1.12000000e+00  3.50000000e-01 -2.00149221e+00 
 1.13000000e+00  1.13000000e+00  3.50000000e-01 -1.99791489e+00 
 1.14000000e+00  1.14000000e+00  3.50000000e-01 -1.99444507e+00 
 1.15000000e+00  1.15000000e+00  3.50000000e-01 -1.99107852e+00 
 1.16000000e+00  1.16000000e+00  3.50000000e-01 -1.98781119e+00 
 1.17000000e+00  1.17000000e+00  3.50000000e-01 -1.98463915e+00 
 1.18000000e+00  1.18000000e+00  3.50000000e-01 -1.98155866e+00 
 1.19000000e+00  1.19000000e+00  3.50000000e-01 -1.97856612e+00 
 1.20000000e+00  1.20000000e+00  3.50000000e-01 -1.97565810e+00 
 0.00000000e+00  0.00000000e+00  6.50000000e-01 -6.81222628e+00 
 1.00000000e-02  1.00000000e-02  6.50000000e-01 -6.69432530e+00 
 2.00000000e-02  2.00000000e-02  6.50000000e-01 -6.57647252e+00 
 3.00000000e-02  3.00000000e-02  6.50000000e-01 -6.45877562e+00 
 4.00000000e-02  4.00000000e-02  6.50000000e-01 -6.34132780e+00 
 5.00000000e-02  5.00000000e-02  6.50000000e-01 -6.22421315e+00 
 6.00000000e-02  6.00000000e-02  6.50000000e-01 -6.10751075e+00 
 7.00000000e-02  7.00000000e-02  6.50000000e-01 -5.99129761e+00 
 8.00000000e-02  8.00000000e-02  6.50000000e-01 -5.87565082e+00 
 9.00000000e-02  9.00000000e-02  6.50000000e-01 -5.76064896e+00 
 1.00000000e-01  1.00000000e-01  6.50000000e-01 -5.64637307e+00 
 1.10000000e-01  1.10000000e-01  6.50000000e-01 -5.53290701e+00 
 1.20000000e-01  1.20000000e-01  6.50000000e-01 -5.42033758e+00 
 1.30000000e-01  1.30000000e-01  6.50000000e-01 -5.30875408e+00 
 1.40000000e-01  1.40000000e-01  6.50000000e-01 -5.19824769e+00 
 1.50000000e-01  1.50000000e-01  6.50000000e-01 -5.08891047e+00 
 1.60000000e-01  1.60000000e-01  6.50000000e-01 -4.98083427e+00 
 1.70000000e-01  1.70000000e-01  6.50000000e-01 -4.87410946e+00 
 1.80000000e-01  1.80000000e-01  6.50000000e-01 -4.76882382e+00 
 1.90000000e-01  1.90000000e-01  6.50000000e-01 -4.66506172e+00 
 2.00000000e-01  2.00000000e-01  6.50000000e-01 -4.56290380e+00 
 2.10000000e-01  2.10000000e-01  6.50000000e-01 -4.46242731e+00 
 2.20000000e-01  2.20000000e-01  6.50000000e-01 -4.36370742e+00 
 2.30000000e-01  2.30000000e-01  6.50000000e-01 -4.26681931e+00 
 2.40000000e-01  2.40000000e-01  6.50000000e-01 -4.17184102e+00 
 2.50000000e-01  2.50000000e-01  6.50000000e-01 -4.07885665e+00 
 2.60000000e-01  2.60000000e-01  6.50000000e-01 -3.98795925e+00 
 2.70000000e-01  2.70000000e-01  6.50000000e-01 -3.89925289e+00 
 2.80000000e-01  2.80000000e-01  6.50000000e-01 -3.81285305e+00 
 2.90000000e-01  2.90000000e-01  6.50000000e-01 -3.72888492e+00 
 3.00000000e-01  3.00000000e-01  6.50000000e-01 -3.64747949e+00 
 3.10000000e-01  3.10000000e-01  6.50000000e-01 -3.56876773e+00 
 3.20000000e-01  3.20000000e-01  6.50000000e-01 -3.49287339e+00 
 3.30000000e-01  3.30000000e-01  6.50000000e-01 -3.41990555e+00 
 3.40000000e-01  3.40000000e-01  6.50000000e-01 -3.34995171e+00 
 3.50000000e-01  3.50000000e-01  6.50000000e-01 -3.28307374e+00 
 3.60000000e-01  3.60000000e-01  6.50000000e-01 -3.21937045e+00 
 3.70000000e-01  3.70000000e-01  6.50000000e-01 -3.15886683e+00 
 3.80000000e-01  3.80000000e-01  6.50000000e-01 -3.10151415e+00 
 3.90000000e-01  3.90000000e-01  6.50000000e-01 -3.04723644e+00 
 4.00000000e-01  4.00000000e-01  6.50000000e-01 -2.99593451e+00 
 4.10000000e-01  4.10000000e-01  6.50000000e-01 -2.94749067e+00 
 4.20000000e-01  4.20000000e-01  6.50000000e-01 -2.90177346e+00 
 4.30000000e-01  4.30000000e-01  6.50000000e-01 -2.85864225e+00 
 4.40000000e-01  4.40000000e-01  6.50000000e-01 -2.81795132e+00 
 4.50000000e-01  4.50000000e-01  6.50000000e-01 -2.77955334e+00 
 4.60000000e-01  4.60000000e-01  6.50000000e-01 -2.74330226e+00 
 4.70000000e-01  4.70000000e-01  6.50000000e-01 -2.70905554e+00 
 4.80000000e-01  4.80000000e-01  6.50000000e-01 -2.67667584e+00 
 4.90000000e-01  4.90000000e-01  6.50000000e-01 -2.64603219e+00 
 5.00000000e-01  5.00000000e-01  6.50000000e-01 -2.61700074e+00 
 5.10000000e-01  5.10000000e-01  6.50000000e-01 -2.58946519e+00 
 5.20000000e-01  5.20000000e-01  6.50000000e-01 -2.56331693e+00 
 5.30000000e-01  5.30000000e-01  6.50000000e-01 -2.53845501e+00 
 5.40000000e-01  5.40000000e-01  6.50000000e-01 -2.51478594e+00 
 5.50000000e-01  5.50000000e-01  6.50000000e-01 -2.49222340e+00 
 5.60000000e-01  5.60000000e-01  6.50000000e-01 -2.47068785e+00 
 5.70000000e-01  5.70000000e-01  6.50000000e-01 -2.45010614e+00 
 5.80000000e-01  5.80000000e-01  6.50000000e-01 -2.43041107e+00 
 5.90000000e-01  5.90000000e-01  6.50000000e-01 -2.41154099e+00 
 6.00000000e-01  6.00000000e-01  6.50000000e-01 -2.39343934e+00 
 6.10000000e-01  6.10000000e-01  6.50000000e-01 -2.37605425e+00 
 6.20000000e-01  6.20000000e-01  6.50000000e-01 -2.35933816e+00 
 6.30000000e-01  6.30000000e-01  6.50000000e-01 -2.34324744e+00 
 6.40000000e-01  6.40000000e-01  6.50000000e-01 -2.32774207e+00 
 6.50000000e-01  6.50000000e-01  6.50000000e-01 -2.31278529e+00 
 6.60000000e-01  6.60000000e-01  6.50000000e-01 -2.29834336e+00 
 6.70000000e-01  6.70000000e-01  6.50000000e-01 -2.28438521e+00 
 6.80000000e-01  6.80000000e-01  6.50000000e-01 -2.27088230e+00 
 6.90000000e-01  6.90000000e-01  6.50000000e-01 -2.25780831e+00 
 7.00000000e-01  7.00000000e-01  6.50000000e-01 -2.24513897e+00 
 7.10000000e-01  7.10000000e-01  6.50000000e-01 -2.23285188e+00 
 7.20000000e-01  7.20000000e-01  6.50000000e-01 -2.22092636e+00 
 7.30000000e-01  7.30000000e-01  6.50000000e-01 -2.20934324e+00 
 7.40000000e-01  7.40000000e-01  6.50000000e-01 -2.19808480e+00 
 7.50000000e-01  7.50000000e-01  6.50000000e-01 -2.18713458e+00 
 7.60000000e-01  7.60000000e-01  6.50000000e-01 -2.17647730e+00 
 7.70000000e-01  7.70000000e-01  6.50000000e-01 -2.16609877e+00 
 7.80000000e-01  7.80000000e-01  6.50000000e-01 -2.15598578e+00 
 7.90000000e-01  7.90000000e-01  6.50000000e-01 -2.14612599e+00 
 8.00000000e-01  8.00000000e-01  6.50000000e-01 -2.13650793e+00 
 8.10000000e-01  8.10000000e-01  6.50000000e-01 -2.12712087e+00 
 8.20000000e-01  8.20000000e-01  6.50000000e-01 -2.11795475e+00 
 8.30000000e-01  8.30000000e-01  6.50000000e-01 -2.10900018e+00 
 8.40000000e-01  8.40000000e-01  6.50000000e-01 -2.10024836e+00 
 8.50000000e-01  8.50000000e-01  6.50000000e-01 -2.09169102e+00 
 8.60000000e-01  8.60000000e-01  6.50000000e-01 -2.08332038e+00 
 8.70000000e-01  8.70000000e-01  6.50000000e-01 -2.07512916e+00 
 8.80000000e-01  8.80000000e-01  6.50000000e-01 -2.06711048e+00 
 8.90000000e-01  8.90000000e-01  6.50000000e-01 -2.05925787e+00 
 9.00000000e-01  9.00000000e-01  6.50000000e-01 -2.05156521e+00 
 9.10000000e-01  9.10000000e-01  6.50000000e-01 -2.04402674e+00 
 9.20000000e-01  9.20000000e-01  6.50000000e-01 -2.03663702e+00 
 9.30000000e-01  9.30000000e-01  6.50000000e-01 -2.02939090e+00 
 9.40000000e-01  9.40000000e-01  6.50000000e-01 -2.02228350e+00 
 9.50000000e-01  9.50000000e-01  6.50000000e-01 -2.01531020e+00 
 9.60000000e-01  9.60000000e-01  6.50000000e-01 -2.00846664e+00 
 9.70000000e-01  9.70000000e-01  6.50000000e-01 -2.00174866e+00 
 9.80000000e-01  9.80000000e-01  6.50000000e-01 -1.99515232e+00 
 9.90000000e-01  9.90000000e-01  6.50000000e-01 -1.98867388e+00 
 1.00000000e+00  1.00000000e+00  6.50000000e-01 -1.98230979e+00 
 1.01000000e+00  1.01000000e+00  6.50000000e-01 -1.97605666e+00 
 1.02000000e+00  1.02000000e+00  6.50000000e-01 -1.96991129e+00 
 1.03000000e+00  1.03000000e+00  6.50000000e-01 -1.96387061e+00 
 1.04000000e+00  1.04000000e+00  6.50000000e-01 -1.95793171e+00 
 1.05000000e+00  1.05000000e+00  6.50000000e-01 -1.95209181e+00 
 1.06000000e+00  1.06000000e+00  6.50000000e-01 -1.94634827e+00 
 1.07000000e+00  1.07000000e+00  6.50000000e-01 -1.94069858e+00 
 1.08000000e+00  1.08000000e+00  6.50000000e-01 -1.93514032e+00 
 1.09000000e+00  1.09000000e+00  6.50000000e-01 -1.92967121e+00 
 1.10000000e+00  1.10000000e+00  6.50000000e-01 -1.92428906e+00 
 1.11000000e+00  1.11000000e+00  6.50000000e-01 -1.91899179e+00 
 1.12000000e+00  1.12000000e+00  6.50000000e-01 -1.91377742e+00 
 1.13000000e+00  1.13000000e+00  6.50000000e-01 -1.90864404e+00 
 1.14000000e+00  1.14000000e+00  6.50000000e-01 -1.90358986e+00 
 1.15000000e+00  1.15000000e+00  6.50000000e-01 -1.89861315e+00 
 1.16000000e+00  1.16000000e+00  6.50000000e-01 -1.89371227e+00 
 1.17000000e+00  1.17000000e+00  6.50000000e-01 -1.88888566e+00 
 1.18000000e+00  1.18000000e+00  6.50000000e-01 -1.88413183e+00 
 1.19000000e+00  1.19000000e+00  6.50000000e-01 -1.87944936e+00 
 1.20000000e+00  1.20000000e+00  6.50000000e-01 -1.87483689e+00 
 0.00000000e+00  0.00000000e+00  9.50000000e-01 -6.33326083e+00 
 1.00000000e-02  1.00000000e-02  9.50000000e-01 -6.21698058e+00 
 2.00000000e-02  2.00000000e-02  9.50000000e-01 -6.10084073e+00 
 3.00000000e-02  3.00000000e-02  9.50000000e-01 -5.98498580e+00 
 4.00000000e-02  4.00000000e-02  9.50000000e-01 -5.86954233e+00 
 5.00000000e-02  5.00000000e-02  9.50000000e-01 -5.75462508e+00 
 6.00000000e-02  6.00000000e-02  9.50000000e-01 -5.64034166e+00 
 7.00000000e-02  7.00000000e-02  9.50000000e-01 -5.52679559e+00 
 8.00000000e-02  8.00000000e-02  9.50000000e-01 -5.41408842e+00 
 9.00000000e-02  9.00000000e-02  9.50000000e-01 -5.30232097e+00 
 1.00000000e-01  1.00000000e-01  9.50000000e-01 -5.19159372e+00 
 1.10000000e-01  1.10000000e-01  9.50000000e-01 -5.08200684e+00 
 1.20000000e-01  1.20000000e-01  9.50000000e-01 -4.97365960e+00 
 1.30000000e-01  1.30000000e-01  9.50000000e-01 -4.86664962e+00 
 1.40000000e-01  1.40000000e-01  9.50000000e-01 -4.76107202e+00 
 1.50000000e-01  1.50000000e-01  9.50000000e-01 -4.65701860e+00 
 1.60000000e-01  1.60000000e-01  9.50000000e-01 -4.55457744e+00 
 1.70000000e-01  1.70000000e-01  9.50000000e-01 -4.45383300e+00 
 1.80000000e-01  1.80000000e-01  9.50000000e-01 -4.35486699e+00 
 1.90000000e-01  1.90000000e-01  9.50000000e-01 -4.25775995e+00 
 2.00000000e-01  2.00000000e-01  9.50000000e-01 -4.16259363e+00 
 2.10000000e-01  2.10000000e-01  9.50000000e-01 -4.06945377e+00 
 2.20000000e-01  2.20000000e-01  9.50000000e-01 -3.97843278e+00 
 2.30000000e-01  2.30000000e-01  9.50000000e-01 -3.88963182e+00 
 2.40000000e-01  2.40000000e-01  9.50000000e-01 -3.80316155e+00 
 2.50000000e-01  2.50000000e-01  9.50000000e-01 -3.71914098e+00 
 2.60000000e-01  2.60000000e-01  9.50000000e-01 -3.63769435e+00 
 2.70000000e-01  2.70000000e-01  9.50000000e-01 -3.55894600e+00 
 2.80000000e-01  2.80000000e-01  9.50000000e-01 -3.48301397e+00 
 2.90000000e-01  2.90000000e-01  9.50000000e-01 -3.41000292e+00 
 3.00000000e-01  3.00000000e-01  9.50000000e-01 -3.33999754e+00 
 3.10000000e-01  3.10000000e-01  9.50000000e-01 -3.27305710e+00 
 3.20000000e-01  3.20000000e-01  9.50000000e-01 -3.20921182e+00 
 3.30000000e-01  3.30000000e-01  9.50000000e-01 -3.14846132e+00 
 3.40000000e-01  3.40000000e-01  9.50000000e-01 -3.09077511e+00 
 3.50000000e-01  3.50000000e-01  9.50000000e-01 -3.03609581e+00 
 3.60000000e-01  3.60000000e-01  9.50000000e-01 -2.98439604e+00 
 3.70000000e-01  3.70000000e-01  9.50000000e-01 -2.93559299e+00 
 3.80000000e-01  3.80000000e-01  9.50000000e-01 -2.88955391e+00 
 3.90000000e-01  3.90000000e-01  9.50000000e-01 -2.84613638e+00 
 4.00000000e-01  4.00000000e-01  9.50000000e-01 -2.80519252e+00 
 4.10000000e-01  4.10000000e-01  9.50000000e-01 -2.76657258e+00 
 4.20000000e-01  4.20000000e-01  9.50000000e-01 -2.73012798e+00 
 4.30000000e-01  4.30000000e-01  9.50000000e-01 -2.69571358e+00 
 4.40000000e-01  4.40000000e-01  9.50000000e-01 -2.66318947e+00 
 4.50000000e-01  4.50000000e-01  9.50000000e-01 -2.63242219e+00 
 4.60000000e-01  4.60000000e-01  9.50000000e-01 -2.60328552e+00 
 4.70000000e-01  4.70000000e-01  9.50000000e-01 -2.57566097e+00 
 4.80000000e-01  4.80000000e-01  9.50000000e-01 -2.54943789e+00 
 4.90000000e-01  4.90000000e-01  9.50000000e-01 -2.52451348e+00 
 5.00000000e-01  5.00000000e-01  9.50000000e-01 -2.50079255e+00 
 5.10000000e-01  5.10000000e-01  9.50000000e-01 -2.47818726e+00 
 5.20000000e-01  5.20000000e-01  9.50000000e-01 -2.45661672e+00 
 5.30000000e-01  5.30000000e-01  9.50000000e-01 -2.43600658e+00 
 5.40000000e-01  5.40000000e-01  9.50000000e-01 -2.41628856e+00 
 5.50000000e-01  5.50000000e-01  9.50000000e-01 -2.39740007e+00 
 5.60000000e-01  5.60000000e-01  9.50000000e-01 -2.37928371e+00 
 5.70000000e-01  5.70000000e-01  9.50000000e-01 -2.36188689e+00 
 5.80000000e-01  5.80000000e-01  9.50000000e-01 -2.34516141e+00 
 5.90000000e-01  5.90000000e-01  9.50000000e-01 -2.32906308e+00 
 6.00000000e-01  6.00000000e-01  9.50000000e-01 -2.31355139e+00 
 6.10000000e-01  6.10000000e-01  9.50000000e-01 -2.29858918e+00 
 6.20000000e-01  6.20000000e-01  9.50000000e-01 -2.28414229e+00 
 6.30000000e-01  6.30000000e-01  9.50000000e-01 -2.27017938e+00 
 6.40000000e-01  6.40000000e-01  9.50000000e-01 -2.25667159e+00 
 6.50000000e-01  6.50000000e-01  9.50000000e-01 -2.24359236e+00 
 6.60000000e-01  6.60000000e-01  9.50000000e-01 -2.23091723e+00 
 6.70000000e-01  6.70000000e-01  9.50000000e-01 -2.21862360e+00 
 6.80000000e-01  6.80000000e-01  9.50000000e-01 -2.20669061e+00 
 6.90000000e-01  6.90000000e-01  9.50000000e-01 -2.19509898e+00 
 7.00000000e-01  7.00000000e-01  9.50000000e-01 -2.18383084e+00 
 7.10000000e-01  7.10000000e-01  9.50000000e-01 -2.17286962e+00 
 7.20000000e-01  7.20000000e-01  9.50000000e-01 -2.16219995e+00 
 7.30000000e-01  7.30000000e-01  9.50000000e-01 -2.15180756e+00 
 7.40000000e-01  7.40000000e-01  9.50000000e-01 -2.14167913e+00 
 7.50000000e-01  7.50000000e-01  9.50000000e-01 -2.13180229e+00 
 7.60000000e-01  7.60000000e-01  9.50000000e-01 -2.12216548e+00 
 7.70000000e-01  7.70000000e-01  9.50000000e-01 -2.11275789e+00 
 7.80000000e-01  7.80000000e-01  9.50000000e-01 -2.10356945e+00 
 7.90000000e-01  7.90000000e-01  9.50000000e-01 -2.09459068e+00 
 8.00000000e-01  8.00000000e-01  9.50000000e-01 -2.08581275e+00 
 8.10000000e-01  8.10000000e-01  9.50000000e-01 -2.07722731e+00 
 8.20000000e-01  8.20000000e-01  9.50000000e-01 -2.06882658e+00 
 8.30000000e-01  8.30000000e-01  9.50000000e-01 -2.06060318e+00 
 8.40000000e-01  8.40000000e-01  9.50000000e-01 -2.05255021e+00 
 8.50000000e-01  8.50000000e-01  9.50000000e-01 -2.04466113e+00 
 8.60000000e-01  8.60000000e-01  9.50000000e-01 -2.03692979e+00 
 8.70000000e-01  8.70000000e-01  9.50000000e-01 -2.02935038e+00 
 8.80000000e-01  8.80000000e-01  9.50000000e-01 -2.02191739e+00 
 8.90000000e-01  8.90000000e-01  9.50000000e-01 -2.01462561e+00 
 9.00000000e-01  9.00000000e-01  9.50000000e-01 -2.00747012e+00 
 9.10000000e-01  9.10000000e-01  9.50000000e-01 -2.00044623e+00 
 9.20000000e-01  9.20000000e-01  9.50000000e-01 -1.99354951e+00 
 9.30000000e-01  9.30000000e-01  9.50000000e-01 -1.98677574e+00 
 9.40000000e-01  9.40000000e-01  9.50000000e-01 -1.98012091e+00 
 9.50000000e-01  9.50000000e-01  9.50000000e-01 -1.97358121e+00 
 9.60000000e-01  9.60000000e-01  9.50000000e-01 -1.96715300e+00 
 9.70000000e-01  9.70000000e-01  9.50000000e-01 -1.96083281e+00 
 9.80000000e-01  9.80000000e-01  9.50000000e-01 -1.95461735e+00 
 9.90000000e-01  9.90000000e-01  9.50000000e-01 -1.94850347e+00 
 1.00000000e+00  1.00000000e+00  9.50000000e-01 -1.94248815e+00 
 1.01000000e+00  1.01000000e+00  9.50000000e-01 -1.93656852e+00 
 1.02000000e+00  1.02000000e+00  9.50000000e-01 -1.93074182e+00 
 1.03000000e+00  1.03000000e+00  9.50000000e-01 -1.92500542e+00 
 1.04000000e+00  1.04000000e+00  9.50000000e-01 -1.91935680e+00 
 1.05000000e+00  1.05000000e+00  9.50000000e-01 -1.91379354e+00 
 1.06000000e+00  1.06000000e+00  9.50000000e-01 -1.90831333e+00 
 1.07000000e+00  1.07000000e+00  9.50000000e-01 -1.90291394e+00 
 1.08000000e+00  1.08000000e+00  9.50000000e-01 -1.89759324e+00 
 1.09000000e+00  1.09000000e+00  9.50000000e-01 -1.89234918e+00 
 1.10000000e+00  1.10000000e+00  9.50000000e-01 -1.88717979e+00 
 1.11000000e+00  1.11000000e+00  9.50000000e-01 -1.88208318e+00 
 1.12000000e+00  1.12000000e+00  9.50000000e-01 -1.87705753e+00 
 1.13000000e+00  1.13000000e+00  9.50000000e-01 -1.87210109e+00 
 1.14000000e+00  1.14000000e+00  9.50000000e-01 -1.86721218e+00 
 1.15000000e+00  1.15000000e+00  9.50000000e-01 -1.86238916e+00 
 1.16000000e+00  1.16000000e+00  9.50000000e-01 -1.85763048e+00 
 1.17000000e+00  1.17000000e+00  9.50000000e-01 -1.85293462e+00 
 1.18000000e+00  1.18000000e+00  9.50000000e-01 -1.84830013e+00 
 1.19000000e+00  1.19000000e+00  9.50000000e-01 -1.84372562e+00 
 1.20000000e+00  1.20000000e+00  9.50000000e-01 -1.83920972e+00 
