 v-sweep         v(drain_iv)     v(gate_iv)      id              is              ib              ig              kcl            
 0.00000000e+00  0.00000000e+00  6.00000000e-01  1.34145816e-09  1.34145816e-09  4.31188226e-12 -2.68722819e-09  1.57569854e-18 
 5.00000000e-02  5.00000000e-02  6.00000000e-01 -1.19066588e-03  1.19066836e-03  4.75292138e-12 -2.47770157e-09  1.42044491e-18 
 1.00000000e-01  1.00000000e-01  6.00000000e-01 -2.00079342e-03  2.00079573e-03  5.34428294e-12 -2.31055510e-09  2.03214363e-18 
 1.50000000e-01  1.50000000e-01  6.00000000e-01 -2.49163512e-03  2.49163730e-03  6.21404823e-12 -2.18450425e-09  7.45725801e-19 
 2.00000000e-01  2.00000000e-01  6.00000000e-01 -2.77045486e-03  2.77045695e-03  7.44551619e-12 -2.09387276e-09  6.48634881e-19 
 2.50000000e-01  2.50000000e-01  6.00000000e-01 -2.95865126e-03  2.95865328e-03  8.96136782e-12 -2.03043714e-09  1.04842636e-18 
 3.00000000e-01  3.00000000e-01  6.00000000e-01 -3.11486154e-03  3.11486352e-03  1.06820739e-11 -1.98730784e-09  1.57401533e-18 
 3.50000000e-01  3.50000000e-01  6.00000000e-01 -3.25867494e-03  3.25867688e-03  1.25769844e-11 -1.95977656e-09  1.66848063e-18 
 4.00000000e-01  4.00000000e-01  6.00000000e-01 -3.39705895e-03  3.39706088e-03  1.46378494e-11 -1.94438670e-09  2.60269377e-18 
 4.50000000e-01  4.50000000e-01  6.00000000e-01 -3.53290819e-03  3.53291012e-03  1.68649666e-11 -1.93844743e-09  8.33255362e-19 
 5.00000000e-01  5.00000000e-01  6.00000000e-01 -3.66759301e-03  3.66759493e-03  1.92623564e-11 -1.93981513e-09  7.70643296e-19 
 5.50000000e-01  5.50000000e-01  6.00000000e-01 -3.80182713e-03  3.80182905e-03  2.18360148e-11 -1.94677229e-09  4.89018690e-19 
 6.00000000e-01  6.00000000e-01  6.00000000e-01 -3.93600870e-03  3.93601064e-03  2.45932268e-11 -1.95789681e-09  1.33900023e-18 
 6.50000000e-01  6.50000000e-01  6.00000000e-01 -4.07037271e-03  4.07037465e-03  2.75422885e-11 -1.96852218e-09  1.24794961e-18 
 7.00000000e-01  7.00000000e-01  6.00000000e-01 -4.20506919e-03  4.20507113e-03  3.06924033e-11 -1.97513260e-09  1.34264428e-18 
 7.50000000e-01  7.50000000e-01  6.00000000e-01 -4.34021090e-03  4.34021284e-03  3.40536612e-11 -1.97625411e-09  2.07695387e-18 
 8.00000000e-01  8.00000000e-01  6.00000000e-01 -4.47590836e-03  4.47591030e-03  3.76370624e-11 -1.97009286e-09  1.71636414e-18 
 8.50000000e-01  8.50000000e-01  6.00000000e-01 -4.61229906e-03  4.61230098e-03  4.14545682e-11 -1.95444816e-09  3.00415128e-18 
 9.00000000e-01  9.00000000e-01  6.00000000e-01 -4.74957279e-03  4.74957467e-03  4.55191682e-11 -1.92663125e-09  1.33365845e-19 
 9.50000000e-01  9.50000000e-01  6.00000000e-01 -4.88799320e-03  4.88799503e-03  4.98449628e-11 -1.88337072e-09  2.41211416e-18 
 1.00000000e+00  1.00000000e+00  6.00000000e-01 -5.02791489e-03  5.02791665e-03  5.44472558e-11 -1.82070135e-09  4.83101214e-19 
 1.05000000e+00  1.05000000e+00  6.00000000e-01 -5.16979567e-03  5.16979734e-03  5.93426596e-11 -1.73383376e-09  5.88750325e-19 
 1.10000000e+00  1.10000000e+00  6.00000000e-01 -5.31420397e-03  5.31420550e-03  8.87856329e-11 -1.61700144e-09  8.71514559e-19 
 1.15000000e+00  1.15000000e+00  6.00000000e-01 -5.46182182e-03  5.46182291e-03  3.70471374e-10 -1.46328162e-09  3.51067498e-19 
 1.20000000e+00  1.20000000e+00  6.00000000e-01 -5.61344404e-03  5.61344362e-03  1.68808626e-09 -1.26438540e-09  1.21341109e-18 
 0.00000000e+00  0.00000000e+00  7.00000000e-01  2.55197629e-09  2.55197629e-09  2.60748769e-11 -5.13002747e-09  1.24652328e-18 
 5.00000000e-02  5.00000000e-02  7.00000000e-01 -1.50011275e-03  1.50011751e-03  2.85519576e-11 -4.79444152e-09  1.21266016e-18 
 1.00000000e-01  1.00000000e-01  7.00000000e-01 -2.65530191e-03  2.65530640e-03  3.13434456e-11 -4.51876881e-09  1.46132664e-18 
 1.50000000e-01  1.50000000e-01  7.00000000e-01 -3.49659409e-03  3.49659836e-03  3.45600457e-11 -4.30271022e-09  1.10123007e-18 
 2.00000000e-01  2.00000000e-01  7.00000000e-01 -4.05336497e-03  4.05336907e-03  3.83817419e-11 -4.14075032e-09  2.17837497e-18 
 2.50000000e-01  2.50000000e-01  7.00000000e-01 -4.39699806e-03  4.39700204e-03  4.29319345e-11 -4.02712629e-09  3.83095719e-18 
 3.00000000e-01  3.00000000e-01  7.00000000e-01 -4.63003710e-03  4.63004100e-03  4.81414780e-11 -3.95112864e-09  5.35475887e-20 
 3.50000000e-01  3.50000000e-01  7.00000000e-01 -4.81636039e-03  4.81636424e-03  5.39165877e-11 -3.90284309e-09  1.55499447e-19 
 4.00000000e-01  4.00000000e-01  7.00000000e-01 -4.98221346e-03  4.98221727e-03  6.02259263e-11 -3.87556151e-09  3.16607985e-18 
 4.50000000e-01  4.50000000e-01  7.00000000e-01 -5.13807362e-03  5.13807741e-03  6.70765536e-11 -3.86461999e-09  1.87200627e-18 
 5.00000000e-01  5.00000000e-01  7.00000000e-01 -5.28857980e-03  5.28858359e-03  7.44936157e-11 -3.86653284e-09  4.06635591e-19 
 5.50000000e-01  5.50000000e-01  7.00000000e-01 -5.43602665e-03  5.43603044e-03  8.25120460e-11 -3.87858823e-09  2.80100879e-18 
 6.00000000e-01  6.00000000e-01  7.00000000e-01 -5.58165811e-03  5.58166191e-03  9.11734233e-11 -3.89864118e-09  1.85848513e-18 
 6.50000000e-01  6.50000000e-01  7.00000000e-01 -5.72619968e-03  5.72620350e-03  1.00524814e-10 -3.92498936e-09  7.88719402e-19 
 7.00000000e-01  7.00000000e-01  7.00000000e-01 -5.87010271e-03  5.87010655e-03  1.10618428e-10 -3.95623860e-09  2.21286874e-18 
 7.50000000e-01  7.50000000e-01  7.00000000e-01 -6.01367098e-03  6.01367484e-03  1.21511648e-10 -3.98776022e-09  1.87648714e-18 
 8.00000000e-01  8.00000000e-01  7.00000000e-01 -6.15713694e-03  6.15714082e-03  1.33267253e-10 -4.01608462e-09  8.55955176e-19 
 8.50000000e-01  8.50000000e-01  7.00000000e-01 -6.30071578e-03  6.30071968e-03  1.45953754e-10 -4.03979139e-09  1.28580589e-18 
 9.00000000e-01  9.00000000e-01  7.00000000e-01 -6.44464840e-03  6.44465230e-03  1.59645809e-10 -4.05714725e-09  1.48741136e-19 
 9.50000000e-01  9.50000000e-01  7.00000000e-01 -6.58923701e-03  6.58924090e-03  1.74424707e-10 -4.06601891e-09  1.34993291e-21 
 1.00000000e+00  1.00000000e+00  7.00000000e-01 -6.73487389e-03  6.73487776e-03  1.90378906e-10 -4.06379207e-09  1.28364995e-18 
 1.05000000e+00  1.05000000e+00  7.00000000e-01 -6.88206302e-03  6.88206686e-03  2.07604619e-10 -4.04727697e-09  1.85175994e-18 
 1.10000000e+00  1.10000000e+00  7.00000000e-01 -7.03143437e-03  7.03143816e-03  2.26206468e-10 -4.01259772e-09  2.98313279e-19 
 1.15000000e+00  1.15000000e+00  7.00000000e-01 -7.18375141e-03  7.18375509e-03  2.78767204e-10 -3.95506237e-09  3.98480203e-18 
 1.20000000e+00  1.20000000e+00  7.00000000e-01 -7.33991250e-03  7.33991570e-03  6.70648995e-10 -3.86901056e-09  2.76650876e-18 
 0.00000000e+00  0.00000000e+00  8.00000000e-01  4.46926798e-09  4.46926798e-09  1.51660053e-10 -9.09019601e-09  1.14299553e-18 
 5.00000000e-02  5.00000000e-02  8.00000000e-01 -1.70395094e-03  1.70395935e-03  1.65791135e-10 -8.57585206e-09  1.48449658e-19 
 1.00000000e-01  1.00000000e-01  8.00000000e-01 -3.10326240e-03  3.10327037e-03  1.81286468e-10 -8.14653648e-09  6.83135174e-19 
 1.50000000e-01  1.50000000e-01  8.00000000e-01 -4.22042327e-03  4.22043088e-03  1.98321075e-10 -7.80397324e-09  1.11286964e-18 
 2.00000000e-01  2.00000000e-01  8.00000000e-01 -5.06849780e-03  5.06850512e-03  2.17134968e-10 -7.53796262e-09  8.98677891e-19 
 2.50000000e-01  2.50000000e-01  8.00000000e-01 -5.66062036e-03  5.66062747e-03  2.38050376e-10 -7.34443504e-09  3.20760944e-19 
 3.00000000e-01  3.00000000e-01  8.00000000e-01 -6.04748147e-03  6.04748842e-03  2.61327162e-10 -7.21741235e-09  3.04709520e-18 
 3.50000000e-01  3.50000000e-01  8.00000000e-01 -6.31481838e-03  6.31482523e-03  2.87025726e-10 -7.14327995e-09  2.69836056e-18 
 4.00000000e-01  4.00000000e-01  8.00000000e-01 -6.52541701e-03  6.52542380e-03  3.15173067e-10 -7.10838220e-09  1.00957161e-18 
 4.50000000e-01  4.50000000e-01  8.00000000e-01 -6.70912029e-03  6.70912704e-03  3.45874393e-10 -7.10336371e-09  2.37536266e-18 
 5.00000000e-01  5.00000000e-01  8.00000000e-01 -6.87898646e-03  6.87899320e-03  3.79297953e-10 -7.12198286e-09  2.81770349e-18 
 5.50000000e-01  5.50000000e-01  8.00000000e-01 -7.04110367e-03  7.04111041e-03  4.15652083e-10 -7.15979647e-09  6.02746350e-20 
 6.00000000e-01  6.00000000e-01  8.00000000e-01 -7.19857789e-03  7.19858465e-03  4.55174844e-10 -7.21348720e-09  1.44732097e-18 
 6.50000000e-01  6.50000000e-01  8.00000000e-01 -7.35312870e-03  7.35313548e-03  4.98130490e-10 -7.28052521e-09  7.18966777e-19 
 7.00000000e-01  7.00000000e-01  8.00000000e-01 -7.50577582e-03  7.50578264e-03  5.44808896e-10 -7.35897632e-09  2.64402234e-18 
 7.50000000e-01  7.50000000e-01  8.00000000e-01 -7.65716305e-03  7.65716990e-03  5.95526319e-10 -7.44737985e-09  8.51004448e-19 
 8.00000000e-01  8.00000000e-01  8.00000000e-01 -7.80772871e-03  7.80773561e-03  6.50626835e-10 -7.54461368e-09  7.97274725e-19 
 8.50000000e-01  8.50000000e-01  8.00000000e-01 -7.95780872e-03  7.95781565e-03  7.10484189e-10 -7.64635138e-09  3.57845571e-19 
 9.00000000e-01  9.00000000e-01  8.00000000e-01 -8.10770883e-03  8.10771580e-03  7.75503909e-10 -7.74945606e-09  2.90980426e-18 
 9.50000000e-01  9.50000000e-01  8.00000000e-01 -8.25776095e-03  8.25776796e-03  8.46125669e-10 -7.85287136e-09  3.09456043e-18 
 1.00000000e+00  1.00000000e+00  8.00000000e-01 -8.40836863e-03  8.40837566e-03  9.22825849e-10 -7.95526071e-09  3.31896098e-18 
 1.05000000e+00  1.05000000e+00  8.00000000e-01 -8.56004266e-03  8.56004971e-03  1.00612029e-09 -8.05492194e-09  8.00444688e-19 
 1.10000000e+00  1.10000000e+00  8.00000000e-01 -8.71342695e-03  8.71343401e-03  1.09656725e-09 -8.14970826e-09  1.09822371e-18 
 1.15000000e+00  1.15000000e+00  8.00000000e-01 -8.86931472e-03  8.86932177e-03  1.19477054e-09 -8.23693610e-09  4.90254150e-18 
 1.20000000e+00  1.20000000e+00  8.00000000e-01 -9.02865573e-03  9.02866270e-03  1.34509551e-09 -8.31327692e-09  3.34618918e-18 
 0.00000000e+00  0.00000000e+00  9.00000000e-01  7.39564898e-09  7.39564898e-09  8.37146754e-10 -1.56284447e-08  2.52906471e-18 
 5.00000000e-02  5.00000000e-02  9.00000000e-01 -1.84459995e-03  1.84461393e-03  9.13971692e-10 -1.48989521e-08  2.78682887e-18 
 1.00000000e-01  1.00000000e-01  9.00000000e-01 -3.41956823e-03  3.41958152e-03  9.97762261e-10 -1.42932889e-08  7.19395050e-19 
 1.50000000e-01  1.50000000e-01  9.00000000e-01 -4.74245372e-03  4.74246645e-03  1.08916197e-09 -1.38177262e-08  2.27894173e-18 
 2.00000000e-01  2.00000000e-01  9.00000000e-01 -5.82449179e-03  5.82450406e-03  1.18889479e-09 -1.34551107e-08  1.45697525e-20 
 2.50000000e-01  2.50000000e-01  9.00000000e-01 -6.66868424e-03  6.66869614e-03  1.29780536e-09 -1.31972374e-08  8.16168357e-19 
 3.00000000e-01  3.00000000e-01  9.00000000e-01 -7.27967182e-03  7.27968344e-03  1.41686223e-09 -1.30420258e-08  1.51434746e-18 
 3.50000000e-01  3.50000000e-01  9.00000000e-01 -7.69593862e-03  7.69595005e-03  1.54700537e-09 -1.29835667e-08  1.13765955e-18 
 4.00000000e-01  4.00000000e-01  9.00000000e-01 -7.99005817e-03  7.99006948e-03  1.68902012e-09 -1.30051641e-08  2.18544840e-19 
 4.50000000e-01  4.50000000e-01  9.00000000e-01 -8.22114302e-03  8.22115427e-03  1.84370145e-09 -1.30890735e-08  3.12935040e-19 
 5.00000000e-01  5.00000000e-01  9.00000000e-01 -8.42045831e-03  8.42046952e-03  2.01198193e-09 -1.32230708e-08  1.62075040e-18 
 5.50000000e-01  5.50000000e-01  9.00000000e-01 -8.60275644e-03  8.60276764e-03  2.19492952e-09 -1.33994357e-08  1.77170672e-18 
 6.00000000e-01  6.00000000e-01  9.00000000e-01 -8.77523870e-03  8.77524992e-03  2.39372743e-09 -1.36131452e-08  3.46977038e-19 
 6.50000000e-01  6.50000000e-01  9.00000000e-01 -8.94168390e-03  8.94169516e-03  2.60966542e-09 -1.38608512e-08  3.48975465e-18 
 7.00000000e-01  7.00000000e-01  9.00000000e-01 -9.10422305e-03  9.10423435e-03  2.84413918e-09 -1.41403577e-08  3.98220836e-18 
 7.50000000e-01  7.50000000e-01  9.00000000e-01 -9.26413673e-03  9.26414808e-03  3.09865329e-09 -1.44503331e-08  3.16238179e-19 
 8.00000000e-01  8.00000000e-01  9.00000000e-01 -9.42224196e-03  9.42225337e-03  3.37482615e-09 -1.47901360e-08  8.98314009e-19 
 8.50000000e-01  8.50000000e-01  9.00000000e-01 -9.57909964e-03  9.57911112e-03  3.67439576e-09 -1.51596996e-08  6.16975697e-18 
 9.00000000e-01  9.00000000e-01  9.00000000e-01 -9.73514132e-03  9.73515288e-03  3.99922607e-09 -1.55594006e-08  1.46769055e-18 
 9.50000000e-01  9.50000000e-01  9.00000000e-01 -9.89075813e-03  9.89076976e-03  4.35131364e-09 -1.59865194e-08  1.24077423e-18 
 1.00000000e+00  1.00000000e+00  9.00000000e-01 -1.00463695e-02  1.00463812e-02  4.73279449e-09 -1.64396381e-08  3.53220184e-18 
 1.05000000e+00  1.05000000e+00  9.00000000e-01 -1.02024778e-02  1.02024896e-02  5.14595110e-09 -1.69195346e-08  1.51571087e-18 
 1.10000000e+00  1.10000000e+00  9.00000000e-01 -1.03597106e-02  1.03597225e-02  5.59321944e-09 -1.74268259e-08  1.52740554e-19 
 1.15000000e+00  1.15000000e+00  9.00000000e-01 -1.05188502e-02  1.05188621e-02  6.07719600e-09 -1.79618860e-08  4.60352729e-18 
 1.20000000e+00  1.20000000e+00  9.00000000e-01 -1.06808514e-02  1.06808633e-02  6.60064476e-09 -1.85247711e-08  2.20385896e-18 
 0.00000000e+00  0.00000000e+00  1.00000000e+00  1.17430398e-08  1.17430398e-08  4.33048793e-09 -2.78165675e-08  1.78335260e-18 
 5.00000000e-02  5.00000000e-02  1.00000000e+00 -1.94595394e-03  1.94597622e-03  4.71520543e-09 -2.69951972e-08  2.71638669e-18 
 1.00000000e-01  1.00000000e-01  1.00000000e+00 -3.65136199e-03  3.65138323e-03  5.13270890e-09 -2.63691124e-08  7.01124077e-19 
 1.50000000e-01  1.50000000e-01  1.00000000e+00 -5.13022605e-03  5.13024641e-03  5.58561375e-09 -2.59535647e-08  3.76682335e-19 
 2.00000000e-01  2.00000000e-01  1.00000000e+00 -6.39279058e-03  6.39281023e-03  6.07672798e-09 -2.57235745e-08  4.63104262e-18 
 2.50000000e-01  2.50000000e-01  1.00000000e+00 -7.44323626e-03  7.44325532e-03  6.60908597e-09 -2.56652129e-08  1.35438914e-18 
 3.00000000e-01  3.00000000e-01  1.00000000e+00 -8.27868100e-03  8.27869958e-03  7.18598765e-09 -2.57739886e-08  2.07933271e-18 
 3.50000000e-01  3.50000000e-01  1.00000000e+00 -8.89921819e-03  8.89923643e-03  7.81099129e-09 -2.60521163e-08  1.78337659e-18 
 4.00000000e-01  4.00000000e-01  1.00000000e+00 -9.33582736e-03  9.33584537e-03  8.48775770e-09 -2.64954272e-08  1.96216671e-18 
 4.50000000e-01  4.50000000e-01  1.00000000e+00 -9.65102636e-03  9.65104423e-03  9.21993976e-09 -2.70852655e-08  2.89734899e-18 
 5.00000000e-01  5.00000000e-01  1.00000000e+00 -9.89951692e-03  9.89953471e-03  1.00113439e-08 -2.78008313e-08  1.56079055e-18 
 5.50000000e-01  5.50000000e-01  1.00000000e+00 -1.01126597e-02  1.01126775e-02  1.08660651e-08 -2.86282845e-08  1.65960224e-18 
 6.00000000e-01  6.00000000e-01  1.00000000e+00 -1.03062087e-02  1.03062265e-02  1.17884931e-08 -2.95600640e-08  4.18486554e-18 
 6.50000000e-01  6.50000000e-01  1.00000000e+00 -1.04881765e-02  1.04881943e-02  1.27832934e-08 -3.05925506e-08  7.47738187e-19 
 7.00000000e-01  7.00000000e-01  1.00000000e+00 -1.06628798e-02  1.06628976e-02  1.38553950e-08 -3.17246013e-08  2.00209968e-18 
 7.50000000e-01  7.50000000e-01  1.00000000e+00 -1.08327962e-02  1.08328141e-02  1.50099869e-08 -3.29567703e-08  3.30186678e-18 
 8.00000000e-01  8.00000000e-01  1.00000000e+00 -1.09994335e-02  1.09994515e-02  1.62525166e-08 -3.42908795e-08  1.69609414e-18 
 8.50000000e-01  8.50000000e-01  1.00000000e+00 -1.11637630e-02  1.11637811e-02  1.75886908e-08 -3.57297605e-08  2.39389709e-18 
 9.00000000e-01  9.00000000e-01  1.00000000e+00 -1.13264574e-02  1.13264757e-02  1.90244747e-08 -3.72770842e-08  2.84526970e-19 
 9.50000000e-01  9.50000000e-01  1.00000000e+00 -1.14880376e-02  1.14880560e-02  2.05660918e-08 -3.89372413e-08  1.18399655e-18 
 1.00000000e+00  1.00000000e+00  1.00000000e+00 -1.16489767e-02  1.16489952e-02  2.22200221e-08 -4.07152024e-08  1.91525399e-19 
 1.05000000e+00  1.05000000e+00  1.00000000e+00 -1.18097801e-02  1.18097987e-02  2.39929998e-08 -4.26129690e-08  5.67909121e-19 
 1.10000000e+00  1.10000000e+00  1.00000000e+00 -1.19710487e-02  1.19710675e-02  2.58920097e-08 -4.46339596e-08  3.06255350e-20 
 1.15000000e+00  1.15000000e+00  1.00000000e+00 -1.21335270e-02  1.21335459e-02  2.79242827e-08 -4.67838909e-08  7.62137747e-19 
 1.20000000e+00  1.20000000e+00  1.00000000e+00 -1.22981361e-02  1.22981550e-02  3.00972900e-08 -4.90684087e-08  4.96460569e-19 
 0.00000000e+00  0.00000000e+00  1.10000000e+00  1.80678024e-08  1.80678024e-08  2.01746784e-08 -5.63102832e-08  5.85736518e-19 
 5.00000000e-02  5.00000000e-02  1.10000000e+00 -2.02141658e-03  2.02145094e-03  2.18285413e-08 -5.61892858e-08  5.11776645e-19 
 1.00000000e-01  1.00000000e-01  1.10000000e+00 -3.82636204e-03  3.82639485e-03  2.36049733e-08 -5.64159562e-08  2.91716493e-18 
 1.50000000e-01  1.50000000e-01  1.10000000e+00 -5.42619476e-03  5.42622627e-03  2.55115009e-08 -5.70214173e-08  2.83281897e-18 
 2.00000000e-01  2.00000000e-01  1.10000000e+00 -6.82998602e-03  6.83001643e-03  2.75559492e-08 -5.79724102e-08  2.60372965e-18 
 2.50000000e-01  2.50000000e-01  1.10000000e+00 -8.04302023e-03  8.04304973e-03  2.97464532e-08 -5.92497883e-08  1.41711259e-18 
 3.00000000e-01  3.00000000e-01  1.10000000e+00 -9.06489662e-03  9.06492538e-03  3.20914756e-08 -6.08450509e-08  3.36102673e-18 
 3.50000000e-01  3.50000000e-01  1.10000000e+00 -9.88915935e-03  9.88918751e-03  3.45998270e-08 -6.27611053e-08  1.23919597e-18 
 4.00000000e-01  4.00000000e-01  1.10000000e+00 -1.05135325e-02  1.05135602e-02  3.72806284e-08 -6.50078947e-08  2.21065011e-18 
 4.50000000e-01  4.50000000e-01  1.10000000e+00 -1.09642348e-02  1.09642622e-02  4.01431363e-08 -6.75853184e-08  9.20347619e-19 
 5.00000000e-01  5.00000000e-01  1.10000000e+00 -1.12960641e-02  1.12960914e-02  4.31966296e-08 -7.04741965e-08  2.90995522e-19 
 5.50000000e-01  5.50000000e-01  1.10000000e+00 -1.15593308e-02  1.15593580e-02  4.64505502e-08 -7.36518169e-08  2.15629442e-19 
 6.00000000e-01  6.00000000e-01  1.10000000e+00 -1.17847199e-02  1.17847471e-02  4.99146210e-08 -7.71038967e-08  4.56475320e-18 
 6.50000000e-01  6.50000000e-01  1.10000000e+00 -1.19884745e-02  1.19885017e-02  5.35988422e-08 -8.08243677e-08  4.24782391e-18 
 7.00000000e-01  7.00000000e-01  1.10000000e+00 -1.21791641e-02  1.21791914e-02  5.75134569e-08 -8.48124581e-08  2.13002978e-18 
 7.50000000e-01  7.50000000e-01  1.10000000e+00 -1.23615208e-02  1.23615482e-02  6.16689239e-08 -8.90706754e-08  7.69767661e-19 
 8.00000000e-01  8.00000000e-01  1.10000000e+00 -1.25383066e-02  1.25383341e-02  6.60758985e-08 -9.36036858e-08  3.85703070e-18 
 8.50000000e-01  8.50000000e-01  1.10000000e+00 -1.27112229e-02  1.27112506e-02  7.07452189e-08 -9.84176859e-08  1.65072163e-18 
 9.00000000e-01  9.00000000e-01  1.10000000e+00 -1.28813769e-02  1.28814047e-02  7.56878957e-08 -1.03520026e-07  2.70026163e-18 
 9.50000000e-01  9.50000000e-01  1.10000000e+00 -1.30495421e-02  1.30495701e-02  8.09151029e-08 -1.08918969e-07  2.47362737e-18 
 1.00000000e+00  1.00000000e+00  1.10000000e+00 -1.32163228e-02  1.32163510e-02  8.64381715e-08 -1.14623516e-07  9.54897299e-19 
 1.05000000e+00  1.05000000e+00  1.10000000e+00 -1.33822711e-02  1.33822995e-02  9.22685840e-08 -1.20643290e-07  6.67038446e-20 
 1.10000000e+00  1.10000000e+00  1.10000000e+00 -1.35479775e-02  1.35480060e-02  9.84179708e-08 -1.26988388e-07  7.64476352e-18 
 1.15000000e+00  1.15000000e+00  1.10000000e+00 -1.37141418e-02  1.37141705e-02  1.04898108e-07 -1.33665838e-07  6.81741085e-18 
 1.20000000e+00  1.20000000e+00  1.10000000e+00 -1.38816263e-02  1.38816553e-02  1.11720918e-07 -1.40683982e-07  1.54698656e-18 
 0.00000000e+00  0.00000000e+00  1.20000000e+00  2.71160087e-08  2.71160087e-08  7.87781631e-08 -1.33010181e-07  1.77809421e-18 
 5.00000000e-02  5.00000000e-02  1.20000000e+00 -2.07896859e-03  2.07902024e-03  8.43059176e-08 -1.35961461e-07  4.63079530e-18 
 1.00000000e-01  1.00000000e-01  1.20000000e+00 -3.96153697e-03  3.96158636e-03  9.01532820e-08 -1.39543194e-07  3.74679730e-20 
 1.50000000e-01  1.50000000e-01  1.20000000e+00 -5.65705997e-03  5.65710745e-03  9.63330504e-08 -1.43808009e-07  1.32468012e-19 
 2.00000000e-01  2.00000000e-01  1.20000000e+00 -7.17343766e-03  7.17348351e-03  1.02858202e-07 -1.48709796e-07  3.44927698e-19 
 2.50000000e-01  2.50000000e-01  1.20000000e+00 -8.51619301e-03  8.51623749e-03  1.09741901e-07 -1.54220974e-07  3.87624776e-18 
 3.00000000e-01  3.00000000e-01  1.20000000e+00 -9.68717803e-03  9.68722135e-03  1.16997515e-07 -1.60325947e-07  8.46393702e-18 
 3.50000000e-01  3.50000000e-01  1.20000000e+00 -1.06828666e-02  1.06829090e-02  1.24638635e-07 -1.67021712e-07  1.19889573e-18 
 4.00000000e-01  4.00000000e-01  1.20000000e+00 -1.14946141e-02  1.14946557e-02  1.32679100e-07 -1.74319063e-07  3.20856080e-18 
 4.50000000e-01  4.50000000e-01  1.20000000e+00 -1.21190614e-02  1.21191025e-02  1.41132961e-07 -1.82235521e-07  3.68551976e-18 
 5.00000000e-01  5.00000000e-01  1.20000000e+00 -1.25793542e-02  1.25793950e-02  1.50014318e-07 -1.90773497e-07  2.22070863e-18 
 5.50000000e-01  5.50000000e-01  1.20000000e+00 -1.29242810e-02  1.29243216e-02  1.59337242e-07 -1.99910758e-07  2.95985076e-19 
 6.00000000e-01  6.00000000e-01  1.20000000e+00 -1.32000622e-02  1.32001027e-02  1.69115930e-07 -2.09619990e-07  6.04114486e-18 
 6.50000000e-01  6.50000000e-01  1.20000000e+00 -1.34362751e-02  1.34363156e-02  1.79364840e-07 -2.19884032e-07  1.49294851e-18 
 7.00000000e-01  7.00000000e-01  1.20000000e+00 -1.36492807e-02  1.36493213e-02  1.90098717e-07 -2.30696291e-07  1.37923434e-18 
 7.50000000e-01  7.50000000e-01  1.20000000e+00 -1.38479975e-02  1.38480382e-02  2.01332581e-07 -2.42057240e-07  4.56683107e-19 
 8.00000000e-01  8.00000000e-01  1.20000000e+00 -1.40374638e-02  1.40375047e-02  2.13081723e-07 -2.53971787e-07  2.22457322e-18 
 8.50000000e-01  8.50000000e-01  1.20000000e+00 -1.42206685e-02  1.42207096e-02  2.25361713e-07 -2.66447766e-07  1.32923292e-18 
 9.00000000e-01  9.00000000e-01  1.20000000e+00 -1.43994748e-02  1.43995161e-02  2.38188410e-07 -2.79495094e-07  2.83454282e-18 
 9.50000000e-01  9.50000000e-01  1.20000000e+00 -1.45751072e-02  1.45751488e-02  2.51577975e-07 -2.93125274e-07  2.05987825e-19 
 1.00000000e+00  1.00000000e+00  1.20000000e+00 -1.47484296e-02  1.47484714e-02  2.65546886e-07 -3.07351091e-07  3.59771950e-18 
 1.05000000e+00  1.05000000e+00  1.20000000e+00 -1.49201239e-02  1.49201660e-02  2.80111958e-07 -3.22186409e-07  1.40030428e-18 
 1.10000000e+00  1.10000000e+00  1.20000000e+00 -1.50908186e-02  1.50908610e-02  2.95290356e-07 -3.37646032e-07  1.18065805e-18 
 1.15000000e+00  1.15000000e+00  1.20000000e+00 -1.52611888e-02  1.52612315e-02  3.11099618e-07 -3.53745609e-07  1.70364795e-18 
 1.20000000e+00  1.20000000e+00  1.20000000e+00 -1.54320340e-02  1.54320770e-02  3.27557668e-07 -3.70501510e-07  1.10776028e-18 
