 v-sweep         v(drain_iv)     v(gate_iv)      id              is              ib              ig              kcl            
 0.00000000e+00  0.00000000e+00  6.00000000e-01  1.38354525e-09  1.38354526e-09  7.31814892e-11 -2.84027199e-09  6.55834259e-19 
 5.00000000e-02  5.00000000e-02  6.00000000e-01 -5.47721138e-04  5.47723694e-04  7.86460309e-11 -2.63471932e-09  8.96614618e-19 
 1.00000000e-01  1.00000000e-01  6.00000000e-01 -9.90515499e-04  9.90517885e-04  8.45602717e-11 -2.47031431e-09  2.71806160e-19 
 1.50000000e-01  1.50000000e-01  6.00000000e-01 -1.33354447e-03  1.33354672e-03  9.09828454e-11 -2.34414041e-09  2.52517103e-18 
 2.00000000e-01  2.00000000e-01  6.00000000e-01 -1.58399586e-03  1.58399802e-03  9.79964747e-11 -2.25097861e-09  3.07731097e-18 
 2.50000000e-01  2.50000000e-01  6.00000000e-01 -1.75970575e-03  1.75970783e-03  1.05697068e-10 -2.18715738e-09  2.86982731e-18 
 3.00000000e-01  3.00000000e-01  6.00000000e-01 -1.89162320e-03  1.89162523e-03  1.14130084e-10 -2.14759685e-09  1.14797112e-18 
 3.50000000e-01  3.50000000e-01  6.00000000e-01 -2.00476604e-03  2.00476804e-03  1.23297266e-10 -2.12641151e-09  2.44504399e-18 
 4.00000000e-01  4.00000000e-01  6.00000000e-01 -2.11082826e-03  2.11083025e-03  1.33211881e-10 -2.11905843e-09  3.73756028e-19 
 4.50000000e-01  4.50000000e-01  6.00000000e-01 -2.21446138e-03  2.21446336e-03  1.43906406e-10 -2.12234076e-09  9.16091904e-19 
 5.00000000e-01  5.00000000e-01  6.00000000e-01 -2.31762379e-03  2.31762577e-03  1.55424895e-10 -2.13391010e-09  7.67462954e-19 
 5.50000000e-01  5.50000000e-01  6.00000000e-01 -2.42122772e-03  2.42122970e-03  1.67818507e-10 -2.15197530e-09  5.73215640e-19 
 6.00000000e-01  6.00000000e-01  6.00000000e-01 -2.52573619e-03  2.52573819e-03  1.81143690e-10 -2.17510073e-09  9.73980614e-19 
 6.50000000e-01  6.50000000e-01  6.00000000e-01 -2.63139873e-03  2.63140073e-03  1.95461537e-10 -2.19863680e-09  1.09398676e-18 
 7.00000000e-01  7.00000000e-01  6.00000000e-01 -2.73835486e-03  2.73835686e-03  2.10837616e-10 -2.21910202e-09  3.12130917e-20 
 7.50000000e-01  7.50000000e-01  6.00000000e-01 -2.84668547e-03  2.84668748e-03  2.27342033e-10 -2.23506799e-09  2.24970793e-19 
 8.00000000e-01  8.00000000e-01  6.00000000e-01 -2.95644290e-03  2.95644490e-03  2.45049597e-10 -2.24479467e-09  1.20295382e-18 
 8.50000000e-01  8.50000000e-01  6.00000000e-01 -3.06767262e-03  3.06767460e-03  2.64040055e-10 -2.24614183e-09  6.63240756e-19 
 9.00000000e-01  9.00000000e-01  6.00000000e-01 -3.18043211e-03  3.18043406e-03  2.84398367e-10 -2.23648714e-09  6.45957645e-19 
 9.50000000e-01  9.50000000e-01  6.00000000e-01 -3.29480850e-03  3.29481040e-03  3.06215015e-10 -2.21263116e-09  3.61306805e-19 
 1.00000000e+00  1.00000000e+00  6.00000000e-01 -3.41093505e-03  3.41093689e-03  3.29586333e-10 -2.17068608e-09  5.43622426e-19 
 1.05000000e+00  1.05000000e+00  6.00000000e-01 -3.52900598e-03  3.52900773e-03  3.54614874e-10 -2.10594544e-09  2.29990988e-18 
 1.10000000e+00  1.10000000e+00  6.00000000e-01 -3.64928875e-03  3.64929039e-03  3.81409789e-10 -2.01273124e-09  5.80185981e-19 
 1.15000000e+00  1.15000000e+00  6.00000000e-01 -3.77213358e-03  3.77213505e-03  4.10087236e-10 -1.88421496e-09  2.56217359e-18 
 1.20000000e+00  1.20000000e+00  6.00000000e-01 -3.89797979e-03  3.89798101e-03  4.90789754e-10 -1.71220801e-09  2.44484707e-18 
 0.00000000e+00  0.00000000e+00  7.00000000e-01  2.65531234e-09  2.65531238e-09  3.24685083e-10 -5.63530981e-09  1.71323668e-18 
 5.00000000e-02  5.00000000e-02  7.00000000e-01 -6.96294904e-04  6.96299875e-04  3.49257899e-10 -5.31999057e-09  3.43333307e-19 
 1.00000000e-01  1.00000000e-01  7.00000000e-01 -1.29282041e-03  1.29282510e-03  3.75667898e-10 -5.06428153e-09  3.11173812e-18 
 1.50000000e-01  1.50000000e-01  7.00000000e-01 -1.79346823e-03  1.79347269e-03  4.04060208e-10 -4.86657778e-09  3.95533884e-19 
 2.00000000e-01  2.00000000e-01  7.00000000e-01 -2.20142303e-03  2.20142731e-03  4.34599762e-10 -4.71806891e-09  1.29480856e-18 
 2.50000000e-01  2.50000000e-01  7.00000000e-01 -2.52007152e-03  2.52007566e-03  4.67486630e-10 -4.61354146e-09  2.54901858e-18 
 3.00000000e-01  3.00000000e-01  7.00000000e-01 -2.75806928e-03  2.75807332e-03  5.02953833e-10 -4.55006851e-09  3.64004758e-19 
 3.50000000e-01  3.50000000e-01  7.00000000e-01 -2.93670143e-03  2.93670541e-03  5.41206150e-10 -4.52331360e-09  8.82192983e-19 
 4.00000000e-01  4.00000000e-01  7.00000000e-01 -3.08230135e-03  3.08230529e-03  5.82381851e-10 -4.52586078e-09  6.45470952e-19 
 4.50000000e-01  4.50000000e-01  7.00000000e-01 -3.21238264e-03  3.21238656e-03  6.26613263e-10 -4.55067291e-09  1.36163338e-18 
 5.00000000e-01  5.00000000e-01  7.00000000e-01 -3.33540447e-03  3.33540839e-03  6.74065235e-10 -4.59279868e-09  2.63735268e-19 
 5.50000000e-01  5.50000000e-01  7.00000000e-01 -3.45522913e-03  3.45523306e-03  7.24932350e-10 -4.64887741e-09  5.13074388e-19 
 6.00000000e-01  6.00000000e-01  7.00000000e-01 -3.57372232e-03  3.57372625e-03  7.79431601e-10 -4.71653607e-09  1.99696206e-18 
 6.50000000e-01  6.50000000e-01  7.00000000e-01 -3.69185848e-03  3.69186243e-03  8.37798716e-10 -4.79404869e-09  3.34492298e-19 
 7.00000000e-01  7.00000000e-01  7.00000000e-01 -3.81018372e-03  3.81018769e-03  9.00286902e-10 -4.88010310e-09  1.26596943e-18 
 7.50000000e-01  7.50000000e-01  7.00000000e-01 -3.92902258e-03  3.92902659e-03  9.67166742e-10 -4.97021308e-09  7.24284928e-19 
 8.00000000e-01  8.00000000e-01  7.00000000e-01 -4.04857923e-03  4.04858325e-03  1.03872664e-09 -5.06109031e-09  3.89435805e-19 
 8.50000000e-01  8.50000000e-01  7.00000000e-01 -4.16899361e-03  4.16899764e-03  1.11527356e-09 -5.15152383e-09  2.18201808e-18 
 9.00000000e-01  9.00000000e-01  7.00000000e-01 -4.29037865e-03  4.29038269e-03  1.19713393e-09 -5.24001234e-09  5.96032021e-19 
 9.50000000e-01  9.50000000e-01  7.00000000e-01 -4.41284968e-03  4.41285372e-03  1.28465462e-09 -5.32467425e-09  8.79254114e-19 
 1.00000000e+00  1.00000000e+00  7.00000000e-01 -4.53655020e-03  4.53655423e-03  1.37820412e-09 -5.40316515e-09  2.37492239e-19 
 1.05000000e+00  1.05000000e+00  7.00000000e-01 -4.66167511e-03  4.66167911e-03  1.47817363e-09 -5.47258279e-09  1.87033726e-18 
 1.10000000e+00  1.10000000e+00  7.00000000e-01 -4.78849066e-03  4.78849461e-03  1.58497837e-09 -5.52935615e-09  2.06317291e-18 
 1.15000000e+00  1.15000000e+00  7.00000000e-01 -4.91735066e-03  4.91735453e-03  1.69905882e-09 -5.56911563e-09  2.39074326e-18 
 1.20000000e+00  1.20000000e+00  7.00000000e-01 -5.04870829e-03  5.04871205e-03  1.82088215e-09 -5.58654093e-09  1.96116830e-18 
 0.00000000e+00  0.00000000e+00  8.00000000e-01  4.68356364e-09  4.68356381e-09  1.36631574e-09 -1.07334432e-08  3.30469201e-19 
 5.00000000e-02  5.00000000e-02  8.00000000e-01 -7.99748480e-04  7.99757314e-04  1.46671986e-09 -1.03012564e-08  1.09513130e-18 
 1.00000000e-01  1.00000000e-01  8.00000000e-01 -1.50773434e-03  1.50774273e-03  1.57421072e-09 -9.95742511e-09  1.07764490e-18 
 1.50000000e-01  1.50000000e-01  8.00000000e-01 -2.12706054e-03  2.12706855e-03  1.68927210e-09 -9.70365947e-09  4.39115425e-18 
 2.00000000e-01  2.00000000e-01  8.00000000e-01 -2.66024803e-03  2.66025574e-03  1.81242157e-09 -9.52637296e-09  2.12038506e-18 
 2.50000000e-01  2.50000000e-01  8.00000000e-01 -3.10905476e-03  3.10906223e-03  1.94422189e-09 -9.41662194e-09  3.55244295e-19 
 3.00000000e-01  3.00000000e-01  8.00000000e-01 -3.47476918e-03  3.47477646e-03  2.08529544e-09 -9.36931974e-09  4.36103681e-19 
 3.50000000e-01  3.50000000e-01  8.00000000e-01 -3.76106221e-03  3.76106935e-03  2.23632888e-09 -9.38265986e-09  2.08268817e-18 
 4.00000000e-01  4.00000000e-01  8.00000000e-01 -3.98082797e-03  3.98083502e-03  2.39802629e-09 -9.45414364e-09  4.84286414e-18 
 4.50000000e-01  4.50000000e-01  8.00000000e-01 -4.15647572e-03  4.15648273e-03  2.57104445e-09 -9.57618353e-09  3.23257179e-18 
 5.00000000e-01  5.00000000e-01  8.00000000e-01 -4.30812890e-03  4.30813588e-03  2.75602914e-09 -9.73912508e-09  1.19594724e-18 
 5.50000000e-01  5.50000000e-01  8.00000000e-01 -4.44764882e-03  4.44765580e-03  2.95367990e-09 -9.93554277e-09  7.31293836e-19 
 6.00000000e-01  6.00000000e-01  8.00000000e-01 -4.58100327e-03  4.58101026e-03  3.16476410e-09 -1.01606520e-08  1.01564048e-18 
 6.50000000e-01  6.50000000e-01  8.00000000e-01 -4.71119152e-03  4.71119854e-03  3.39011079e-09 -1.04114390e-08  3.78625382e-20 
 7.00000000e-01  7.00000000e-01  8.00000000e-01 -4.83980532e-03  4.83981238e-03  3.63060587e-09 -1.06860052e-08  3.41180239e-18 
 7.50000000e-01  7.50000000e-01  8.00000000e-01 -4.96774463e-03  4.96775172e-03  3.88719075e-09 -1.09832010e-08  2.07924751e-18 
 8.00000000e-01  8.00000000e-01  8.00000000e-01 -5.09554870e-03  5.09555584e-03  4.16086278e-09 -1.13023725e-08  6.33276242e-19 
 8.50000000e-01  8.50000000e-01  8.00000000e-01 -5.22355909e-03  5.22356628e-03  4.45267685e-09 -1.16397600e-08  7.99838985e-19 
 9.00000000e-01  9.00000000e-01  8.00000000e-01 -5.35200819e-03  5.35201542e-03  4.76374744e-09 -1.19928620e-08  3.20581374e-18 
 9.50000000e-01  9.50000000e-01  8.00000000e-01 -5.48107502e-03  5.48108229e-03  5.09525094e-09 -1.23613097e-08  2.50053225e-18 
 1.00000000e+00  1.00000000e+00  8.00000000e-01 -5.61092678e-03  5.61093407e-03  5.44842821e-09 -1.27444975e-08  2.74692371e-18 
 1.05000000e+00  1.05000000e+00  8.00000000e-01 -5.74175380e-03  5.74176111e-03  5.82458721e-09 -1.31414914e-08  3.30007841e-19 
 1.10000000e+00  1.10000000e+00  8.00000000e-01 -5.87380002e-03  5.87380735e-03  6.22510578e-09 -1.35509472e-08  4.19722941e-18 
 1.15000000e+00  1.15000000e+00  8.00000000e-01 -6.00738896e-03  6.00739628e-03  6.65143439e-09 -1.39710153e-08  3.90535128e-19 
 1.20000000e+00  1.20000000e+00  8.00000000e-01 -6.14294427e-03  6.14295156e-03  7.10509905e-09 -1.43992311e-08  2.70694525e-18 
 0.00000000e+00  0.00000000e+00  9.00000000e-01  7.78731584e-09  7.78731648e-09  5.32736629e-09 -2.09019986e-08  3.03166740e-18 
 5.00000000e-02  5.00000000e-02  9.00000000e-01 -8.72327406e-04  8.72342166e-04  5.70172379e-09 -2.04615456e-08  2.31058511e-18 
 1.00000000e-01  1.00000000e-01  9.00000000e-01 -1.66109592e-03  1.66110998e-03  6.10094578e-09 -2.01595274e-08  2.97200204e-18 
 1.50000000e-01  1.50000000e-01  9.00000000e-01 -2.36876875e-03  2.36878222e-03  6.52656730e-09 -2.00041343e-08  7.35222944e-20 
 2.00000000e-01  2.00000000e-01  9.00000000e-01 -2.99744772e-03  2.99746072e-03  6.98020724e-09 -1.99758811e-08  2.43036169e-18 
 2.50000000e-01  2.50000000e-01  9.00000000e-01 -3.54871206e-03  3.54872466e-03  7.46357774e-09 -2.00615963e-08  1.86915025e-18 
 3.00000000e-01  3.00000000e-01  9.00000000e-01 -4.02340646e-03  4.02341873e-03  7.97849544e-09 -2.02525393e-08  3.70179868e-19 
 3.50000000e-01  3.50000000e-01  9.00000000e-01 -4.42166263e-03  4.42167465e-03  8.52689667e-09 -2.05446008e-08  4.60307813e-18 
 4.00000000e-01  4.00000000e-01  9.00000000e-01 -4.74452909e-03  4.74454092e-03  9.11084700e-09 -2.09381208e-08  1.98964234e-18 
 4.50000000e-01  4.50000000e-01  9.00000000e-01 -4.99922201e-03  4.99923371e-03  9.73250901e-09 -2.14338914e-08  1.94633778e-18 
 5.00000000e-01  5.00000000e-01  9.00000000e-01 -5.20283448e-03  5.20284611e-03  1.03940710e-08 -2.20262951e-08  9.82012280e-19 
 5.50000000e-01  5.50000000e-01  9.00000000e-01 -5.37516588e-03  5.37517749e-03  1.10977511e-08 -2.27042076e-08  4.15140112e-18 
 6.00000000e-01  6.00000000e-01  9.00000000e-01 -5.53032002e-03  5.53033164e-03  1.18458705e-08 -2.34576949e-08  4.18765148e-18 
 6.50000000e-01  6.50000000e-01  9.00000000e-01 -5.67620405e-03  5.67621569e-03  1.26408895e-08 -2.42805314e-08  2.21896493e-18 
 7.00000000e-01  7.00000000e-01  9.00000000e-01 -5.81699655e-03  5.81700823e-03  1.34854074e-08 -2.51694509e-08  7.04851022e-18 
 7.50000000e-01  7.50000000e-01  9.00000000e-01 -5.95496147e-03  5.95497321e-03  1.43821575e-08 -2.61231011e-08  2.42254897e-18 
 8.00000000e-01  8.00000000e-01  9.00000000e-01 -6.09138903e-03  6.09140084e-03  1.53340050e-08 -2.71413805e-08  1.42967250e-18 
 8.50000000e-01  8.50000000e-01  9.00000000e-01 -6.22705459e-03  6.22706647e-03  1.63439474e-08 -2.82250642e-08  6.09213889e-18 
 9.00000000e-01  9.00000000e-01  9.00000000e-01 -6.36244888e-03  6.36246084e-03  1.74151161e-08 -2.93755396e-08  1.64117597e-18 
 9.50000000e-01  9.50000000e-01  9.00000000e-01 -6.49790253e-03  6.49791457e-03  1.85507793e-08 -3.05911938e-08  3.59680299e-18 
 1.00000000e+00  1.00000000e+00  9.00000000e-01 -6.63366222e-03  6.63367434e-03  1.97543440e-08 -3.18717711e-08  1.50004241e-18 
 1.05000000e+00  1.05000000e+00  9.00000000e-01 -6.76994538e-03  6.76995757e-03  2.10293596e-08 -3.32192416e-08  2.71681186e-18 
 1.10000000e+00  1.10000000e+00  9.00000000e-01 -6.90698459e-03  6.90699685e-03  2.23795199e-08 -3.46354281e-08  3.26445174e-18 
 1.15000000e+00  1.15000000e+00  9.00000000e-01 -7.04506585e-03  7.04507816e-03  2.38086666e-08 -3.61219125e-08  7.32723204e-19 
 1.20000000e+00  1.20000000e+00  9.00000000e-01 -7.18456069e-03  7.18457305e-03  2.53207913e-08 -3.76799513e-08  2.30859492e-18 
 0.00000000e+00  0.00000000e+00  1.00000000e+00  1.24001146e-08  1.24001170e-08  1.90167320e-08 -4.38169636e-08  8.30469483e-19 
 5.00000000e-02  5.00000000e-02  1.00000000e+00 -9.24369870e-04  9.24393449e-04  2.02707097e-08 -4.38495279e-08  1.20584404e-18 
 1.00000000e-01  1.00000000e-01  1.00000000e+00 -1.77275493e-03  1.77277745e-03  2.16007013e-08 -4.41159915e-08  1.42757477e-18 
 1.50000000e-01  1.50000000e-01  1.00000000e+00 -2.54711205e-03  2.54713368e-03  2.30107521e-08 -4.46358772e-08  7.39767474e-19 
 2.00000000e-01  2.00000000e-01  1.00000000e+00 -3.24917968e-03  3.24920056e-03  2.45050754e-08 -4.53826413e-08  2.17417145e-18 
 2.50000000e-01  2.50000000e-01  1.00000000e+00 -3.88037816e-03  3.88039841e-03  2.60880596e-08 -4.63386792e-08  1.58076200e-18 
 3.00000000e-01  3.00000000e-01  1.00000000e+00 -4.44165912e-03  4.44167885e-03  2.77642758e-08 -4.74918016e-08  2.03903330e-18 
 3.50000000e-01  3.50000000e-01  1.00000000e+00 -4.93328794e-03  4.93330724e-03  2.95384881e-08 -4.88349247e-08  9.57716331e-19 
 4.00000000e-01  4.00000000e-01  1.00000000e+00 -5.35474235e-03  5.35476130e-03  3.14156675e-08 -5.03666402e-08  2.02169559e-19 
 4.50000000e-01  4.50000000e-01  1.00000000e+00 -5.70565377e-03  5.70567246e-03  3.34010023e-08 -5.20913457e-08  2.62495510e-18 
 5.00000000e-01  5.00000000e-01  1.00000000e+00 -5.98962132e-03  5.98963984e-03  3.54998756e-08 -5.40153481e-08  5.62994345e-18 
 5.50000000e-01  5.50000000e-01  1.00000000e+00 -6.21885808e-03  6.21887650e-03  3.77177952e-08 -5.61379345e-08  1.47784750e-18 
 6.00000000e-01  6.00000000e-01  1.00000000e+00 -6.41112143e-03  6.41113982e-03  4.00603689e-08 -5.84489414e-08  1.59595566e-18 
 6.50000000e-01  6.50000000e-01  1.00000000e+00 -6.58150275e-03  6.58152115e-03  4.25333666e-08 -6.09368176e-08  1.10327365e-18 
 7.00000000e-01  7.00000000e-01  1.00000000e+00 -6.73947802e-03  6.73949647e-03  4.51427734e-08 -6.35943235e-08  2.10728562e-18 
 7.50000000e-01  7.50000000e-01  1.00000000e+00 -6.89036042e-03  6.89037895e-03  4.78947970e-08 -6.64186846e-08  1.12963093e-18 
 8.00000000e-01  8.00000000e-01  1.00000000e+00 -7.03710783e-03  7.03712645e-03  5.07958618e-08 -6.94102214e-08  4.95335603e-19 
 8.50000000e-01  8.50000000e-01  1.00000000e+00 -7.18142516e-03  7.18144388e-03  5.38526032e-08 -7.25712697e-08  1.67519294e-18 
 9.00000000e-01  9.00000000e-01  1.00000000e+00 -7.32434117e-03  7.32436001e-03  5.70718654e-08 -7.59055335e-08  7.30102696e-19 
 9.50000000e-01  9.50000000e-01  1.00000000e+00 -7.46650684e-03  7.46652580e-03  6.04607003e-08 -7.94177101e-08  6.85633466e-19 
 1.00000000e+00  1.00000000e+00  1.00000000e+00 -7.60835754e-03  7.60837662e-03  6.40263680e-08 -8.31132165e-08  1.19339001e-19 
 1.05000000e+00  1.05000000e+00  1.00000000e+00 -7.75021089e-03  7.75023010e-03  6.77763375e-08 -8.69945679e-08  6.36902602e-19 
 1.10000000e+00  1.10000000e+00  1.00000000e+00 -7.89233497e-03  7.89235431e-03  7.17182877e-08 -9.10657264e-08  1.82935294e-18 
 1.15000000e+00  1.15000000e+00  1.00000000e+00 -8.03500255e-03  8.03502203e-03  7.58601083e-08 -9.53329629e-08  4.80651493e-19 
 1.20000000e+00  1.20000000e+00  1.00000000e+00 -8.17853714e-03  8.17855673e-03  8.02099013e-08 -9.98024786e-08  5.45992144e-19 
 0.00000000e+00  0.00000000e+00  1.10000000e+00  1.91079203e-08  1.91079277e-08  6.09916382e-08 -9.92074862e-08  9.05173818e-19 
 5.00000000e-02  5.00000000e-02  1.10000000e+00 -9.62300233e-04  9.62336649e-04  6.46589523e-08 -1.01074813e-07  3.89489572e-19 
 1.00000000e-01  1.00000000e-01  1.10000000e+00 -1.85537033e-03  1.85540516e-03  6.85205253e-08 -1.03354993e-07  6.62962100e-19 
 1.50000000e-01  1.50000000e-01  1.10000000e+00 -2.68077047e-03  2.68080398e-03  7.25847290e-08 -1.06085336e-07  4.59143473e-18 
 2.00000000e-01  2.00000000e-01  1.10000000e+00 -3.43993204e-03  3.43996441e-03  7.68601786e-08 -1.09230395e-07  5.77094135e-19 
 2.50000000e-01  2.50000000e-01  1.10000000e+00 -4.13409001e-03  4.13412142e-03  8.13557347e-08 -1.12767445e-07  3.11698860e-18 
 3.00000000e-01  3.00000000e-01  1.10000000e+00 -4.76419827e-03  4.76422887e-03  8.60805075e-08 -1.16680750e-07  1.47404909e-18 
 3.50000000e-01  3.50000000e-01  1.10000000e+00 -5.33078679e-03  5.33081670e-03  9.10438634e-08 -1.20960526e-07  1.14858991e-18 
 4.00000000e-01  4.00000000e-01  1.10000000e+00 -5.83375249e-03  5.83378184e-03  9.62554331e-08 -1.25603074e-07  2.95176424e-18 
 4.50000000e-01  4.50000000e-01  1.10000000e+00 -6.27220338e-03  6.27223227e-03  1.01725124e-07 -1.30611609e-07  8.71226326e-19 
 5.00000000e-01  5.00000000e-01  1.10000000e+00 -6.64499565e-03  6.64502419e-03  1.07463130e-07 -1.35996692e-07  1.18236535e-18 
 5.50000000e-01  5.50000000e-01  1.10000000e+00 -6.95345288e-03  6.95348118e-03  1.13479919e-07 -1.41772524e-07  3.31968094e-18 
 6.00000000e-01  6.00000000e-01  1.10000000e+00 -7.20584285e-03  7.20587101e-03  1.19786168e-07 -1.47946331e-07  3.25035659e-18 
 6.50000000e-01  6.50000000e-01  1.10000000e+00 -7.41714421e-03  7.41717233e-03  1.26392721e-07 -1.54511830e-07  5.45846560e-18 
 7.00000000e-01  7.00000000e-01  1.10000000e+00 -7.60238166e-03  7.60240981e-03  1.33310634e-07 -1.61457095e-07  1.43863252e-18 
 7.50000000e-01  7.50000000e-01  1.10000000e+00 -7.77213886e-03  7.77216708e-03  1.40551239e-07 -1.68774091e-07  2.58543572e-18 
 8.00000000e-01  8.00000000e-01  1.10000000e+00 -7.93275549e-03  7.93278383e-03  1.48126167e-07 -1.76460878e-07  5.29475001e-19 
 8.50000000e-01  8.50000000e-01  1.10000000e+00 -8.08787960e-03  8.08790808e-03  1.56047344e-07 -1.84520226e-07  4.76784258e-18 
 9.00000000e-01  9.00000000e-01  1.10000000e+00 -8.23964604e-03  8.23967467e-03  1.64326991e-07 -1.92958046e-07  5.22182577e-18 
 9.50000000e-01  9.50000000e-01  1.10000000e+00 -8.38935112e-03  8.38937992e-03  1.72977621e-07 -2.01782350e-07  1.94304064e-18 
 1.00000000e+00  1.00000000e+00  1.10000000e+00 -8.53781606e-03  8.53784505e-03  1.82012041e-07 -2.11002634e-07  9.68502766e-19 
 1.05000000e+00  1.05000000e+00  1.10000000e+00 -8.68558758e-03  8.68561677e-03  1.91443357e-07 -2.20629513e-07  3.49432854e-18 
 1.10000000e+00  1.10000000e+00  1.10000000e+00 -8.83305798e-03  8.83308737e-03  2.01284975e-07 -2.30674447e-07  3.03820130e-19 
 1.15000000e+00  1.15000000e+00  1.10000000e+00 -8.98054728e-03  8.98057688e-03  2.11550613e-07 -2.41146118e-07  5.85299767e-18 
 1.20000000e+00  1.20000000e+00  1.10000000e+00 -9.12836737e-03  9.12839717e-03  2.22254300e-07 -2.52054781e-07  2.82236672e-18 
 0.00000000e+00  0.00000000e+00  1.20000000e+00  2.86966276e-08  2.86966486e-08  1.72600495e-07 -2.29993771e-07  4.48636294e-19 
 5.00000000e-02  5.00000000e-02  1.20000000e+00 -9.90144431e-04  9.90199209e-04  1.81818138e-07 -2.36596233e-07  2.88089140e-18 
 1.00000000e-01  1.00000000e-01  1.20000000e+00 -1.91701450e-03  1.91706697e-03  1.91451748e-07 -2.43916343e-07  1.11908934e-18 
 1.50000000e-01  1.50000000e-01  1.20000000e+00 -2.78185749e-03  2.78190799e-03  2.01515843e-07 -2.52017262e-07  1.42830931e-18 
 2.00000000e-01  2.00000000e-01  1.20000000e+00 -3.58585199e-03  3.58590082e-03  2.12025296e-07 -2.60851536e-07  2.54586340e-18 
 2.50000000e-01  2.50000000e-01  1.20000000e+00 -4.33005160e-03  4.33009899e-03  2.22995328e-07 -2.70389780e-07  2.77847983e-18 
 3.00000000e-01  3.00000000e-01  1.20000000e+00 -5.01533762e-03  5.01538379e-03  2.34441521e-07 -2.80611929e-07  2.41997313e-18 
 3.50000000e-01  3.50000000e-01  1.20000000e+00 -5.64233877e-03  5.64238389e-03  2.46379830e-07 -2.91505362e-07  3.66881733e-18 
 4.00000000e-01  4.00000000e-01  1.20000000e+00 -6.21129866e-03  6.21134290e-03  2.58826591e-07 -3.03064445e-07  7.09617733e-18 
 4.50000000e-01  4.50000000e-01  1.20000000e+00 -6.72188100e-03  6.72192450e-03  2.71798539e-07 -3.15290912e-07  1.94510528e-18 
 5.00000000e-01  5.00000000e-01  1.20000000e+00 -7.17299284e-03  7.17303572e-03  2.85312822e-07 -3.28194939e-07  4.21007139e-18 
 5.50000000e-01  5.50000000e-01  1.20000000e+00 -7.56307656e-03  7.56311897e-03  2.99387027e-07 -3.41795907e-07  9.08336957e-19 
 6.00000000e-01  6.00000000e-01  1.20000000e+00 -7.89203424e-03  7.89207632e-03  3.14039171e-07 -3.56118971e-07  1.51327730e-18 
 6.50000000e-01  6.50000000e-01  1.20000000e+00 -8.16512299e-03  8.16516489e-03  3.29287662e-07 -3.71183118e-07  3.40051965e-18 
 7.00000000e-01  7.00000000e-01  1.20000000e+00 -8.39440899e-03  8.39445082e-03  3.45151253e-07 -3.86990093e-07  3.27484113e-18 
 7.50000000e-01  7.50000000e-01  1.20000000e+00 -8.59407618e-03  8.59411807e-03  3.61649071e-07 -4.03530273e-07  5.10337351e-20 
 8.00000000e-01  8.00000000e-01  1.20000000e+00 -8.77533332e-03  8.77537531e-03  3.78800696e-07 -4.20796048e-07  1.81148584e-18 
 8.50000000e-01  8.50000000e-01  1.20000000e+00 -8.94539054e-03  8.94543271e-03  3.96626200e-07 -4.38787448e-07  3.61931884e-18 
 9.00000000e-01  9.00000000e-01  1.20000000e+00 -9.10855912e-03  9.10860149e-03  4.15146162e-07 -4.57511406e-07  3.51264563e-18 
 9.50000000e-01  9.50000000e-01  1.20000000e+00 -9.26741010e-03  9.26745269e-03  4.34381671e-07 -4.76979718e-07  3.35372108e-19 
 1.00000000e+00  1.00000000e+00  1.20000000e+00 -9.42351803e-03  9.42356089e-03  4.54354337e-07 -4.97207485e-07  6.42368611e-19 
 1.05000000e+00  1.05000000e+00  1.20000000e+00 -9.57788330e-03  9.57792643e-03  4.75086297e-07 -5.18212144e-07  2.58710332e-18 
 1.10000000e+00  1.10000000e+00  1.20000000e+00 -9.73117012e-03  9.73121353e-03  4.96600231e-07 -5.40012888e-07  1.49850716e-18 
 1.15000000e+00  1.15000000e+00  1.20000000e+00 -9.88384932e-03  9.88389303e-03  5.18919371e-07 -5.62630318e-07  3.60486634e-18 
 1.20000000e+00  1.20000000e+00  1.20000000e+00 -1.00362945e-02  1.00363386e-02  5.42067516e-07 -5.86086174e-07  5.59952306e-18 
