 v-sweep         v(drain_iv)     v(gate_iv)      id              is              ib              ig              kcl_error      
 0.00000000e+00  0.00000000e+00  0.00000000e+00  1.10759669e-61  1.92770810e-63 -1.18989858e-61  6.30248047e-63  1.72723371e-77 
 1.00000000e-01  1.00000000e-01  0.00000000e+00 -1.92337286e-08  1.92252689e-08  9.89975934e-15  8.44979477e-12  2.20029241e-24 
 2.00000000e-01  2.00000000e-01  0.00000000e+00 -2.86561471e-08  2.86159057e-08  1.02293189e-14  4.02312058e-11  1.52018230e-25 
 3.00000000e-01  3.00000000e-01  0.00000000e+00 -4.18635331e-08  4.17519808e-08  1.03791269e-14  1.11541898e-10  2.60896812e-24 
 4.00000000e-01  4.00000000e-01  0.00000000e+00 -6.09007163e-08  6.06541910e-08  1.05589299e-14  2.46514729e-10  2.07527185e-23 
 5.00000000e-01  5.00000000e-01  0.00000000e+00 -8.83975497e-08  8.79169719e-08  1.07940327e-14  4.80567071e-10  1.97172423e-23 
 6.00000000e-01  6.00000000e-01  0.00000000e+00 -1.28085865e-07  1.27220864e-07  1.11176720e-14  8.64989489e-10  1.19572507e-23 
 7.00000000e-01  7.00000000e-01  0.00000000e+00 -1.85304823e-07  1.83831565e-07  1.15811941e-14  1.47324601e-09  1.61576999e-23 
 8.00000000e-01  8.00000000e-01  0.00000000e+00 -2.67728230e-07  2.65318628e-07  1.22634473e-14  2.40958914e-09  5.43093878e-23 
 9.00000000e-01  9.00000000e-01  0.00000000e+00 -3.86457938e-07  3.82637128e-07  1.32845524e-14  3.82079622e-09  7.07084586e-24 
 1.00000000e+00  1.00000000e+00  0.00000000e+00 -5.57681352e-07  5.51769173e-07  7.43796220e-14  5.91210411e-09  1.17993081e-22 
 1.10000000e+00  1.10000000e+00  0.00000000e+00 -8.05190459e-07  7.96212740e-07  8.94144826e-12  8.96877767e-09  2.44798609e-22 
 1.20000000e+00  1.20000000e+00  0.00000000e+00 -1.16788545e-06  1.15074030e-06  3.75992119e-09  1.33852220e-08  1.37311982e-22 
 0.00000000e+00  0.00000000e+00  1.00000000e-01  6.54400799e-12  6.54400799e-12  1.18775014e-14 -1.30998939e-11  4.10405692e-19 
 1.00000000e-01  1.00000000e-01  1.00000000e-01 -2.99398103e-07  2.99404637e-07  2.19120026e-14 -6.55593191e-12  1.30028608e-19 
 2.00000000e-01  2.00000000e-01  1.00000000e-01 -4.42633082e-07  4.42631165e-07  2.25992917e-14  1.89386000e-12  2.16451761e-19 
 3.00000000e-01  3.00000000e-01  1.00000000e-01 -6.40747220e-07  6.40713521e-07  2.34018657e-14  3.36752669e-11  1.79252560e-19 
 4.00000000e-01  4.00000000e-01  1.00000000e-01 -9.22328766e-07  9.22223755e-07  2.47081354e-14  1.04985953e-10  5.18355953e-20 
 5.00000000e-01  5.00000000e-01  1.00000000e-01 -1.32273431e-06  1.32249433e-06  2.68218845e-14  2.39958776e-10  1.79288096e-19 
 6.00000000e-01  6.00000000e-01  1.00000000e-01 -1.89061827e-06  1.89014423e-06  3.01997375e-14  4.74011105e-10  2.92356530e-19 
 7.00000000e-01  7.00000000e-01  1.00000000e-01 -2.69331349e-06  2.69245502e-06  3.55276132e-14  8.58433507e-10  1.07335541e-19 
 8.00000000e-01  8.00000000e-01  1.00000000e-01 -3.82412038e-06  3.82265365e-06  4.38228752e-14  1.46669000e-09  6.84206867e-20 
 9.00000000e-01  9.00000000e-01  1.00000000e-01 -5.41277289e-06  5.41036980e-06  5.65753057e-14  2.40303310e-09  8.56940523e-21 
 1.00000000e+00  1.00000000e+00  1.00000000e-01 -7.64056026e-06  7.63674514e-06  8.85926127e-13  3.81424013e-09  2.11541689e-20 
 1.10000000e+00  1.10000000e+00  1.00000000e-01 -1.07620138e-05  1.07560831e-05  2.52287287e-11  5.90554797e-09  1.51430662e-20 
 1.20000000e+00  1.20000000e+00  1.00000000e-01 -1.51358572e-05  1.51264508e-05  4.44214754e-10  8.96222144e-09  1.05103843e-19 
 0.00000000e+00  0.00000000e+00  2.00000000e-01  3.45589206e-11  3.45589206e-11  3.31997288e-14 -6.91510413e-11  4.06602154e-19 
 1.00000000e-01  1.00000000e-01  2.00000000e-01 -4.22794564e-06  4.22798673e-06  4.51613509e-14 -4.11405687e-11  3.73677192e-19 
 2.00000000e-01  2.00000000e-01  2.00000000e-01 -6.12070122e-06  6.12073577e-06  5.07657800e-14 -3.45967017e-11  2.17834847e-19 
 3.00000000e-01  3.00000000e-01  2.00000000e-01 -8.65051268e-06  8.65053877e-06  6.01953344e-14 -2.61470503e-11  2.33818935e-19 
 4.00000000e-01  4.00000000e-01  2.00000000e-01 -1.21215372e-05  1.21215314e-05  7.57938908e-14  5.63416643e-12  4.97829351e-19 
 5.00000000e-01  5.00000000e-01  2.00000000e-01 -1.68701725e-05  1.68700955e-05  1.00730823e-13  7.69445974e-11  1.60313349e-20 
 6.00000000e-01  6.00000000e-01  2.00000000e-01 -2.33252460e-05  2.33250339e-05  1.39519310e-13  2.11917085e-10  7.65666768e-20 
 7.00000000e-01  7.00000000e-01  2.00000000e-01 -3.20357290e-05  3.20352829e-05  1.98465183e-13  4.45968977e-10  1.19168952e-19 
 8.00000000e-01  8.00000000e-01  2.00000000e-01 -4.37026185e-05  4.37017879e-05  2.86208353e-13  8.30390811e-10  3.02465305e-19 
 9.00000000e-01  9.00000000e-01  2.00000000e-01 -5.92211999e-05  5.92197609e-05  4.14347857e-13  1.43864658e-09  8.81411507e-19 
 1.00000000e+00  1.00000000e+00  2.00000000e-01 -7.97366174e-05  7.97342346e-05  7.80351017e-12  2.37498874e-09  4.83484863e-19 
 1.10000000e+00  1.10000000e+00  2.00000000e-01 -1.06713497e-04  1.06709496e-04  2.14292489e-10  3.78619460e-09  2.58285363e-19 
 1.20000000e+00  1.20000000e+00  2.00000000e-01 -1.42019865e-04  1.42010491e-04  3.49672708e-09  5.87750096e-09  2.11158117e-19 
 0.00000000e+00  0.00000000e+00  3.00000000e-01  9.95335563e-11  9.95335563e-11  7.27822928e-14 -1.99139896e-10  1.09345552e-18 
 1.00000000e-01  1.00000000e-01  3.00000000e-01 -4.63977029e-05  4.63978373e-05  1.05051331e-13 -1.34492331e-10  2.29879744e-19 
 2.00000000e-01  2.00000000e-01  3.00000000e-01 -6.44005460e-05  6.44006523e-05  1.60000514e-13 -1.06484558e-10  9.85823580e-19 
 3.00000000e-01  3.00000000e-01  3.00000000e-01 -8.67866463e-05  8.67867460e-05  2.49654776e-13 -9.99451133e-11  4.99415287e-19 
 4.00000000e-01  4.00000000e-01  3.00000000e-01 -1.15506861e-04  1.15506952e-04  3.88086123e-13 -9.15011730e-11  8.11964743e-20 
 5.00000000e-01  5.00000000e-01  3.00000000e-01 -1.52089386e-04  1.52089446e-04  5.93704046e-13 -5.97270438e-11  7.72151378e-19 
 6.00000000e-01  6.00000000e-01  3.00000000e-01 -1.98114515e-04  1.98114503e-04  8.89436098e-13  1.15747394e-11  3.77775042e-21 
 7.00000000e-01  7.00000000e-01  3.00000000e-01 -2.55206959e-04  2.55206811e-04  1.30272393e-12  1.46536794e-10  7.09470140e-19 
 8.00000000e-01  8.00000000e-01  3.00000000e-01 -3.24999556e-04  3.24999174e-04  1.86511711e-12  3.80576215e-10  4.02856521e-19 
 9.00000000e-01  9.00000000e-01  3.00000000e-01 -4.09128150e-04  4.09127383e-04  2.61139878e-12  7.64983246e-10  5.97052879e-20 
 1.00000000e+00  1.00000000e+00  3.00000000e-01 -5.09278006e-04  5.09276607e-04  2.50181164e-11  1.37322156e-09  4.11758499e-19 
 1.10000000e+00  1.10000000e+00  3.00000000e-01 -6.27282527e-04  6.27279553e-04  6.64343056e-10  2.30954324e-09  6.48488300e-19 
 1.20000000e+00  1.20000000e+00  3.00000000e-01 -7.65266578e-04  7.65252489e-04  1.03682667e-08  3.72072516e-09  4.65947530e-19 
 0.00000000e+00  0.00000000e+00  4.00000000e-01  2.41164090e-10  2.41164090e-10  1.89568524e-13 -4.82517750e-10  7.39596696e-19 
 1.00000000e-01  1.00000000e-01  4.00000000e-01 -3.22697690e-04  3.22698048e-04  3.28346003e-13 -3.58181881e-10  1.28013135e-19 
 2.00000000e-01  2.00000000e-01  4.00000000e-01 -4.22762009e-04  4.22762303e-04  6.59616756e-13 -2.93817641e-10  1.16204525e-18 
 3.00000000e-01  3.00000000e-01  4.00000000e-01 -5.27491619e-04  5.27491884e-04  1.15043265e-12 -2.66219946e-10  7.20393597e-19 
 4.00000000e-01  4.00000000e-01  4.00000000e-01 -6.46149543e-04  6.46149801e-04  1.82587151e-12 -2.60154858e-10  7.10555987e-19 
 5.00000000e-01  5.00000000e-01  4.00000000e-01 -7.80006903e-04  7.80007152e-04  2.71814397e-12 -2.52239914e-10  7.27775644e-19 
 6.00000000e-01  6.00000000e-01  4.00000000e-01 -9.29178487e-04  9.29178704e-04  3.85962062e-12 -2.21046512e-10  1.49865692e-18 
 7.00000000e-01  7.00000000e-01  4.00000000e-01 -1.09330516e-03  1.09330531e-03  5.28111035e-12 -1.50375838e-10  7.16713917e-19 
 8.00000000e-01  8.00000000e-01  4.00000000e-01 -1.27185810e-03  1.27185811e-03  7.01095506e-12 -1.60944833e-11  5.40072450e-20 
 9.00000000e-01  9.00000000e-01  4.00000000e-01 -1.46446635e-03  1.46446613e-03  9.07455798e-12  2.17215076e-10  5.44443896e-19 
 1.00000000e+00  1.00000000e+00  4.00000000e-01 -1.67127353e-03  1.67127291e-03  1.95846736e-11  6.00843128e-10  3.42346384e-19 
 1.10000000e+00  1.10000000e+00  4.00000000e-01 -1.89325862e-03  1.89325684e-03  5.74232690e-10  1.20825287e-09  1.78115767e-18 
 1.20000000e+00  1.20000000e+00  4.00000000e-01 -2.13247309e-03  2.13246117e-03  9.78253713e-09  2.14369530e-09  3.54140836e-19 
 0.00000000e+00  0.00000000e+00  5.00000000e-01  6.17957049e-10  6.17957049e-10  8.00642137e-13 -1.23671474e-09  9.96719165e-19 
 1.00000000e-01  1.00000000e-01  5.00000000e-01 -1.09421963e-03  1.09422064e-03  1.14728479e-12 -1.01490027e-09  1.64684600e-18 
 2.00000000e-01  2.00000000e-01  5.00000000e-01 -1.40533034e-03  1.40533123e-03  2.13536431e-12 -8.94039436e-10  2.75278523e-19 
 3.00000000e-01  3.00000000e-01  5.00000000e-01 -1.62605894e-03  1.62605978e-03  3.55281993e-12 -8.35345063e-10  3.93207946e-19 
 4.00000000e-01  4.00000000e-01  5.00000000e-01 -1.84393612e-03  1.84393693e-03  5.32387908e-12 -8.14027746e-10  2.76670689e-19 
 5.00000000e-01  5.00000000e-01  5.00000000e-01 -2.06741370e-03  2.06741451e-03  7.45945255e-12 -8.14616841e-10  1.44051885e-18 
 6.00000000e-01  6.00000000e-01  5.00000000e-01 -2.29774033e-03  2.29774113e-03  9.98048903e-12 -8.13659213e-10  4.92912628e-19 
 7.00000000e-01  7.00000000e-01  5.00000000e-01 -2.53482142e-03  2.53482220e-03  1.29096082e-11 -7.89699262e-10  6.46711232e-19 
 8.00000000e-01  8.00000000e-01  5.00000000e-01 -2.77839415e-03  2.77839486e-03  1.62699788e-11 -7.26528071e-10  1.38528746e-18 
 9.00000000e-01  9.00000000e-01  5.00000000e-01 -3.02861843e-03  3.02861901e-03  2.00854843e-11 -6.00011422e-10  9.18174952e-19 
 1.00000000e+00  1.00000000e+00  5.00000000e-01 -3.28656209e-03  3.28656244e-03  2.43812524e-11 -3.74737659e-10  8.59171506e-19 
 1.10000000e+00  1.10000000e+00  5.00000000e-01 -3.55456582e-03  3.55456560e-03  2.23928346e-10  5.71900860e-13  1.20593343e-19 
 1.20000000e+00  1.20000000e+00  5.00000000e-01 -3.83643959e-03  3.83643433e-03  4.65673889e-09  5.99363384e-10  1.14342334e-18 
 0.00000000e+00  0.00000000e+00  6.00000000e-01  1.34222796e-09  1.34222796e-09  4.59494572e-12 -2.68905086e-09  2.11640662e-20 
 1.00000000e-01  1.00000000e-01  6.00000000e-01 -1.97532352e-03  1.97532583e-03  5.67192302e-12 -2.31230531e-09  8.20694946e-19 
 2.00000000e-01  2.00000000e-01  6.00000000e-01 -2.74451145e-03  2.74451354e-03  7.80737126e-12 -2.09532784e-09  1.79044019e-18 
 3.00000000e-01  3.00000000e-01  6.00000000e-01 -3.08864887e-03  3.08865085e-03  1.10891268e-11 -1.98871827e-09  1.75906836e-18 
 4.00000000e-01  4.00000000e-01  6.00000000e-01 -3.37005765e-03  3.37005958e-03  1.51041727e-11 -1.94587171e-09  1.17656212e-18 
 5.00000000e-01  5.00000000e-01  6.00000000e-01 -3.63984159e-03  3.63984351e-03  1.98022729e-11 -1.94141395e-09  2.18359493e-18 
 6.00000000e-01  6.00000000e-01  6.00000000e-01 -3.90759870e-03  3.90760064e-03  2.52233480e-11 -1.95963546e-09  3.20522569e-18 
 7.00000000e-01  7.00000000e-01  6.00000000e-01 -4.17609208e-03  4.17609403e-03  3.14323224e-11 -1.97703564e-09  2.02827190e-18 
 8.00000000e-01  8.00000000e-01  6.00000000e-01 -4.44644455e-03  4.44644648e-03  3.85098829e-11 -1.97218657e-09  1.44938001e-18 
 9.00000000e-01  9.00000000e-01  6.00000000e-01 -4.71968147e-03  4.71968335e-03  4.65520606e-11 -1.92894510e-09  4.84342741e-19 
 1.00000000e+00  1.00000000e+00  6.00000000e-01 -4.99762199e-03  4.99762376e-03  5.56720859e-11 -1.82326894e-09  5.24493216e-19 
 1.10000000e+00  1.10000000e+00  6.00000000e-01 -5.28349136e-03  5.28349289e-03  8.72028783e-11 -1.61986146e-09  4.46313650e-18 
 1.20000000e+00  1.20000000e+00  6.00000000e-01 -5.58224273e-03  5.58224238e-03  1.61269111e-09 -1.26758252e-09  5.78904420e-20 
 0.00000000e+00  0.00000000e+00  7.00000000e-01  2.55378435e-09  2.55378435e-09  2.75821653e-11 -5.13515087e-09  1.57284369e-18 
 1.00000000e-01  1.00000000e-01  7.00000000e-01 -2.62113079e-03  2.62113528e-03  3.31145642e-11 -4.52398744e-09  7.98761278e-19 
 2.00000000e-01  2.00000000e-01  7.00000000e-01 -4.01297479e-03  4.01297889e-03  4.04410438e-11 -4.14564061e-09  2.96651835e-19 
 3.00000000e-01  3.00000000e-01  7.00000000e-01 -4.59162643e-03  4.59163033e-03  5.05279118e-11 -3.95575703e-09  2.52117719e-18 
 4.00000000e-01  4.00000000e-01  7.00000000e-01 -4.94374548e-03  4.94374930e-03  6.30107282e-11 -3.88048211e-09  2.92934530e-18 
 5.00000000e-01  5.00000000e-01  7.00000000e-01 -5.24969115e-03  5.24969494e-03  7.77527845e-11 -3.87195426e-09  2.06761665e-18 
 6.00000000e-01  6.00000000e-01  7.00000000e-01 -5.54235411e-03  5.54235792e-03  9.49932393e-11 -3.90468881e-09  1.03219656e-18 
 7.00000000e-01  7.00000000e-01  7.00000000e-01 -5.83044214e-03  5.83044599e-03  1.15098827e-10 -3.96302863e-09  6.39304411e-19 
 8.00000000e-01  8.00000000e-01  7.00000000e-01 -6.11718115e-03  6.11718504e-03  1.38524290e-10 -4.02374181e-09  4.10213654e-18 
 9.00000000e-01  9.00000000e-01  7.00000000e-01 -6.40444211e-03  6.40444601e-03  1.65814189e-10 -4.06581188e-09  1.24474441e-18 
 1.00000000e+00  1.00000000e+00  7.00000000e-01 -6.69442735e-03  6.69443122e-03  1.97614797e-10 -4.07362437e-09  4.76298207e-18 
 1.10000000e+00  1.10000000e+00  7.00000000e-01 -6.99070698e-03  6.99071077e-03  2.34690671e-10 -4.02378171e-09  7.16609829e-19 
 1.20000000e+00  1.20000000e+00  7.00000000e-01 -7.29880187e-03  7.29880510e-03  6.55075278e-10 -3.88175798e-09  4.46987775e-18 
 0.00000000e+00  0.00000000e+00  8.00000000e-01  4.47282389e-09  4.47282389e-09  1.59193587e-10 -9.10484136e-09  1.33393573e-18 
 1.00000000e-01  1.00000000e-01  8.00000000e-01 -3.06393332e-03  3.06394129e-03  1.90117771e-10 -8.16221090e-09  2.01494179e-18 
 2.00000000e-01  2.00000000e-01  8.00000000e-01 -5.01456696e-03  5.01457429e-03  2.27463529e-10 -7.55439059e-09  1.84712391e-18 
 3.00000000e-01  3.00000000e-01  8.00000000e-01 -5.99581065e-03  5.99581761e-03  2.73368274e-10 -7.23401596e-09  2.32722158e-18 
 4.00000000e-01  4.00000000e-01  8.00000000e-01 -6.47534866e-03  6.47535546e-03  3.29220392e-10 -7.12631635e-09  1.25917083e-18 
 5.00000000e-01  5.00000000e-01  8.00000000e-01 -6.82898540e-03  6.82899215e-03  3.95693679e-10 -7.14215157e-09  3.41241471e-18 
 6.00000000e-01  6.00000000e-01  8.00000000e-01 -7.14839344e-03  7.14840020e-03  4.74305582e-10 -7.23643311e-09  1.57176703e-18 
 7.00000000e-01  7.00000000e-01  8.00000000e-01 -7.45539917e-03  7.45540599e-03  5.67117225e-10 -7.38519746e-09  3.51717713e-19 
 8.00000000e-01  8.00000000e-01  8.00000000e-01 -7.75719679e-03  7.75720369e-03  6.76620010e-10 -7.57464317e-09  3.76671788e-19 
 9.00000000e-01  9.00000000e-01  8.00000000e-01 -8.05705657e-03  8.05706355e-03  8.05762386e-10 -7.78388929e-09  3.26892431e-18 
 1.00000000e+00  1.00000000e+00  8.00000000e-01 -8.35760112e-03  8.35760815e-03  9.58012316e-10 -7.99477045e-09  3.69169218e-18 
 1.10000000e+00  1.10000000e+00  8.00000000e-01 -8.66249495e-03  8.66250201e-03  1.13743624e-09 -8.19505670e-09  7.82826775e-19 
 1.20000000e+00  1.20000000e+00  8.00000000e-01 -8.97743791e-03  8.97744489e-03  1.38587432e-09 -8.36532694e-09  2.72145399e-18 
 0.00000000e+00  0.00000000e+00  9.00000000e-01  7.40190931e-09  7.40190931e-09  8.71680754e-10 -1.56754994e-08  2.77139637e-18 
 1.00000000e-01  1.00000000e-01  9.00000000e-01 -3.37696801e-03  3.37698132e-03  1.03796057e-09 -1.43455774e-08  5.73489489e-19 
 2.00000000e-01  2.00000000e-01  9.00000000e-01 -5.76037128e-03  5.76038355e-03  1.23561562e-09 -1.35130578e-08  3.56823693e-18 
 3.00000000e-01  3.00000000e-01  9.00000000e-01 -7.21318171e-03  7.21319334e-03  1.47105683e-09 -1.31051468e-08  4.17878204e-19 
 4.00000000e-01  4.00000000e-01  9.00000000e-01 -7.92757839e-03  7.92758971e-03  1.75178791e-09 -1.30746286e-08  1.56761479e-19 
 5.00000000e-01  5.00000000e-01  9.00000000e-01 -8.35906482e-03  8.35907604e-03  2.08460378e-09 -1.33017180e-08  6.87944195e-19 
 6.00000000e-01  6.00000000e-01  9.00000000e-01 -8.71400270e-03  8.71401393e-03  2.47763191e-09 -1.37029660e-08  4.30749589e-18 
 7.00000000e-01  7.00000000e-01  9.00000000e-01 -9.04297065e-03  9.04298196e-03  2.94091988e-09 -1.42431256e-08  6.84139578e-19 
 8.00000000e-01  8.00000000e-01  9.00000000e-01 -9.36096033e-03  9.36097175e-03  3.48625689e-09 -1.49076992e-08  2.95958192e-18 
 9.00000000e-01  9.00000000e-01  9.00000000e-01 -9.67384966e-03  9.67386123e-03  4.12727221e-09 -1.56937627e-08  3.54146791e-18 
 1.00000000e+00  1.00000000e+00  9.00000000e-01 -9.98507073e-03  9.98508245e-03  4.87962160e-09 -1.65929885e-08  4.24297332e-19 
 1.10000000e+00  1.10000000e+00  9.00000000e-01 -1.02983558e-02  1.02983677e-02  5.76119918e-09 -1.76015532e-08  2.51367284e-18 
 1.20000000e+00  1.20000000e+00  9.00000000e-01 -1.06193120e-02  1.06193240e-02  6.79235732e-09 -1.87234686e-08  3.32193170e-18 
 0.00000000e+00  0.00000000e+00  1.00000000e+00  1.17533044e-08  1.17533044e-08  4.47112024e-09 -2.79777290e-08  8.98635783e-19 
 1.00000000e-01  1.00000000e-01  1.00000000e+00 -3.60650727e-03  3.60652852e-03  5.29419098e-09 -2.65504566e-08  3.67903549e-18 
 2.00000000e-01  2.00000000e-01  1.00000000e+00 -6.32131686e-03  6.32133652e-03  6.26171204e-09 -2.59273500e-08  4.68588718e-19 
 3.00000000e-01  3.00000000e-01  1.00000000e+00 -8.19793858e-03  8.19795719e-03  7.39734387e-09 -2.60015385e-08  3.95896913e-20 
 4.00000000e-01  4.00000000e-01  1.00000000e+00 -9.25937304e-03  9.25939106e-03  8.72857439e-09 -2.67478937e-08  2.83938513e-18 
 5.00000000e-01  5.00000000e-01  1.00000000e+00 -9.82613400e-03  9.82615180e-03  1.02849958e-08 -2.80837762e-08  3.51343476e-18 
 6.00000000e-01  6.00000000e-01  1.00000000e+00 -1.02336277e-02  1.02336454e-02  1.20985793e-08 -2.98787996e-08  2.08208308e-18 
 7.00000000e-01  7.00000000e-01  1.00000000e+00 -1.05905330e-02  1.05905509e-02  1.42057025e-08 -3.20834721e-08  2.79015134e-18 
 8.00000000e-01  8.00000000e-01  1.00000000e+00 -1.09271976e-02  1.09272157e-02  1.66470029e-08 -3.46940496e-08  3.06139545e-19 
 9.00000000e-01  9.00000000e-01  1.00000000e+00 -1.12543167e-02  1.12543350e-02  1.94672403e-08 -3.77287501e-08  2.12476891e-18 
 1.00000000e+00  1.00000000e+00  1.00000000e+00 -1.15769274e-02  1.15769459e-02  2.27152770e-08 -4.12196283e-08  3.66542258e-18 
 1.10000000e+00  1.10000000e+00  1.00000000e+00 -1.18990465e-02  1.18990652e-02  2.64440381e-08 -4.51954648e-08  9.30978545e-19 
 1.20000000e+00  1.20000000e+00  1.00000000e+00 -1.22260551e-02  1.22260741e-02  3.07104141e-08 -4.96913418e-08  2.13997580e-18 
 0.00000000e+00  0.00000000e+00  1.10000000e+00  1.80838404e-08  1.80838404e-08  2.06491276e-08 -5.68168084e-08  1.57216263e-18 
 1.00000000e-01  1.00000000e-01  1.10000000e+00 -3.77983187e-03  3.77986471e-03  2.41365582e-08 -5.69786168e-08  2.20329482e-18 
 2.00000000e-01  2.00000000e-01  1.10000000e+00 -6.75299979e-03  6.75303024e-03  2.81494301e-08 -5.85955730e-08  4.44834572e-19 
 3.00000000e-01  3.00000000e-01  1.10000000e+00 -8.97248538e-03  8.97251417e-03  3.27516510e-08 -6.15321342e-08  6.65781131e-19 
 4.00000000e-01  4.00000000e-01  1.10000000e+00 -1.04215672e-02  1.04215949e-02  3.80122776e-08 -6.57600948e-08  2.22277989e-18 
 5.00000000e-01  5.00000000e-01  1.10000000e+00 -1.12095976e-02  1.12096249e-02  4.40045430e-08 -7.12966474e-08  1.77227748e-18 
 6.00000000e-01  6.00000000e-01  1.10000000e+00 -1.17003264e-02  1.17003536e-02  5.08035947e-08 -7.80051831e-08  2.56005782e-18 
 7.00000000e-01  7.00000000e-01  1.10000000e+00 -1.20954367e-02  1.20954640e-02  5.84882204e-08 -8.57989289e-08  4.24651365e-18 
 8.00000000e-01  8.00000000e-01  1.10000000e+00 -1.24548813e-02  1.24549089e-02  6.71411204e-08 -9.46805748e-08  1.47182562e-18 
 9.00000000e-01  9.00000000e-01  1.10000000e+00 -1.27981627e-02  1.27981905e-02  7.68482052e-08 -1.04692200e-07  5.58816752e-19 
 1.00000000e+00  1.00000000e+00  1.10000000e+00 -1.31332951e-02  1.31333233e-02  8.76981897e-08 -1.15895718e-07  4.85756190e-18 
 1.10000000e+00  1.10000000e+00  1.10000000e+00 -1.34650952e-02  1.34651238e-02  9.97823541e-08 -1.28365348e-07  3.00408176e-18 
 1.20000000e+00  1.20000000e+00  1.10000000e+00 -1.37987738e-02  1.37988028e-02  1.13194412e-07 -1.42170495e-07  1.84654506e-18 
 0.00000000e+00  0.00000000e+00  1.20000000e+00  2.71402094e-08  2.71402094e-08  8.00048482e-08 -1.34285267e-07  2.89997611e-18 
 1.00000000e-01  1.00000000e-01  1.20000000e+00 -3.91367864e-03  3.91372808e-03  9.14875999e-08 -1.40924451e-07  2.36266606e-18 
 2.00000000e-01  2.00000000e-01  1.20000000e+00 -7.09211602e-03  7.09216191e-03  1.04305285e-07 -1.50201956e-07  2.86140964e-18 
 3.00000000e-01  3.00000000e-01  1.20000000e+00 -9.58560605e-03  9.58564942e-03  1.18562572e-07 -1.61932995e-07  2.95190982e-18 
 4.00000000e-01  4.00000000e-01  1.20000000e+00 -1.13874356e-02  1.13874773e-02  1.34367463e-07 -1.76042308e-07  2.07462192e-18 
 5.00000000e-01  5.00000000e-01  1.20000000e+00 -1.24781416e-02  1.24781824e-02  1.51831534e-07 -1.92614560e-07  1.44633523e-18 
 6.00000000e-01  6.00000000e-01  1.20000000e+00 -1.31030916e-02  1.31031321e-02  1.71067922e-07 -2.11589651e-07  1.32989467e-18 
 7.00000000e-01  7.00000000e-01  1.20000000e+00 -1.35537793e-02  1.35538199e-02  1.92191805e-07 -2.32804985e-07  1.31136582e-18 
 8.00000000e-01  8.00000000e-01  1.20000000e+00 -1.39425695e-02  1.39426104e-02  2.15322672e-07 -2.56227789e-07  2.66338922e-19 
 9.00000000e-01  9.00000000e-01  1.20000000e+00 -1.43049424e-02  1.43049837e-02  2.40584517e-07 -2.81906286e-07  1.26054384e-18 
 1.00000000e+00  1.00000000e+00  1.20000000e+00 -1.46541855e-02  1.46542273e-02  2.68106044e-07 -3.09925642e-07  1.58861029e-18 
 1.10000000e+00  1.10000000e+00  1.20000000e+00 -1.49968156e-02  1.49968580e-02  2.98021118e-07 -3.40392647e-07  2.03923182e-18 
 1.20000000e+00  1.20000000e+00  1.20000000e+00 -1.53381693e-02  1.53382123e-02  3.30469300e-07 -3.73429552e-07  2.35903970e-18 
