 v-sweep         v(gate_phys)    id_mono         diff_id        
 0.00000000e+00  0.00000000e+00 -5.70199619e-07 -1.14428246e-05 
 1.00000000e-02  1.00000000e-02 -6.98914376e-07 -1.43001267e-05 
 2.00000000e-02  2.00000000e-02 -8.56202154e-07 -1.74657469e-05 
 3.00000000e-02  3.00000000e-02 -1.04822931e-06 -2.13117365e-05 
 4.00000000e-02  4.00000000e-02 -1.28243688e-06 -2.59778771e-05 
 5.00000000e-02  5.00000000e-02 -1.56778686e-06 -3.16307158e-05 
 6.00000000e-02  6.00000000e-02 -1.91505120e-06 -3.84681460e-05 
 7.00000000e-02  7.00000000e-02 -2.33714978e-06 -4.67246404e-05 
 8.00000000e-02  8.00000000e-02 -2.84954401e-06 -5.66772002e-05 
 9.00000000e-02  9.00000000e-02 -3.47069378e-06 -6.86520932e-05 
 1.00000000e-01  1.00000000e-01 -4.22258587e-06 -8.30324507e-05 
 1.10000000e-01  1.10000000e-01 -5.13134279e-06 -1.00266796e-04 
 1.20000000e-01  1.20000000e-01 -6.22792178e-06 -1.20878568e-04 
 1.30000000e-01  1.30000000e-01 -7.54891416e-06 -1.45476695e-04 
 1.40000000e-01  1.40000000e-01 -9.13745569e-06 -1.74767207e-04 
 1.50000000e-01  1.50000000e-01 -1.10442583e-05 -2.09565835e-04 
 1.60000000e-01  1.60000000e-01 -1.33287724e-05 -2.50811375e-04 
 1.70000000e-01  1.70000000e-01 -1.60604858e-05 -2.99579406e-04 
 1.80000000e-01  1.80000000e-01 -1.93203605e-05 -3.57095606e-04 
 1.90000000e-01  1.90000000e-01 -2.32023979e-05 -4.24747481e-04 
 2.00000000e-01  2.00000000e-01 -2.78153101e-05 -5.04092734e-04 
 2.10000000e-01  2.10000000e-01 -3.32842526e-05 -5.96861826e-04 
 2.20000000e-01  2.20000000e-01 -3.97525466e-05 -7.04951551e-04 
 2.30000000e-01  2.30000000e-01 -4.73832836e-05 -8.30405895e-04 
 2.40000000e-01  2.40000000e-01 -5.63606645e-05 -9.75380084e-04 
 2.50000000e-01  2.50000000e-01 -6.68908853e-05 -1.14208403e-03 
 2.60000000e-01  2.60000000e-01 -7.92023451e-05 -1.33270238e-03 
 2.70000000e-01  2.70000000e-01 -9.35449330e-05 -1.54929044e-03 
 2.80000000e-01  2.80000000e-01 -1.10188154e-04 -1.79364804e-03 
 2.90000000e-01  2.90000000e-01 -1.29417894e-04 -2.06717740e-03 
 3.00000000e-01  3.00000000e-01 -1.51531702e-04 -2.37073476e-03 
 3.10000000e-01  3.10000000e-01 -1.76832589e-04 -2.70448907e-03 
 3.20000000e-01  3.20000000e-01 -2.05621483e-04 -3.06780325e-03 
 3.30000000e-01  3.30000000e-01 -2.38188654e-04 -3.45915348e-03 
 3.40000000e-01  3.40000000e-01 -2.74804553e-04 -3.87605555e-03 
 3.50000000e-01  3.50000000e-01 -3.15709765e-04 -4.31252809e-03 
 3.60000000e-01  3.60000000e-01 -3.61055115e-04 -4.76205776e-03 
 3.70000000e-01  3.70000000e-01 -4.10950920e-04 -5.22128409e-03 
 3.80000000e-01  3.80000000e-01 -4.65480797e-04 -5.68617911e-03 
 3.90000000e-01  3.90000000e-01 -5.24674502e-04 -6.15134177e-03 
 4.00000000e-01  4.00000000e-01 -5.88507632e-04 -6.61144935e-03 
 4.10000000e-01  4.10000000e-01 -6.56903489e-04 -7.06146234e-03 
 4.20000000e-01  4.20000000e-01 -7.29736879e-04 -7.49679787e-03 
 4.30000000e-01  4.30000000e-01 -8.06839447e-04 -7.91346232e-03 
 4.40000000e-01  4.40000000e-01 -8.88006125e-04 -8.30813891e-03 
 4.50000000e-01  4.50000000e-01 -9.73002225e-04 -8.67823063e-03 
 4.60000000e-01  4.60000000e-01 -1.06157074e-03 -9.02186278e-03 
 4.70000000e-01  4.70000000e-01 -1.15343948e-03 -9.33785183e-03 
 4.80000000e-01  4.80000000e-01 -1.24832777e-03 -9.62564852e-03 
 4.90000000e-01  4.90000000e-01 -1.34595245e-03 -9.88526338e-03 
 5.00000000e-01  5.00000000e-01 -1.44603304e-03 -1.01171825e-02 
 5.10000000e-01  5.10000000e-01 -1.54829610e-03 -1.03222797e-02 
 5.20000000e-01  5.20000000e-01 -1.65247864e-03 -1.05017308e-02 
 5.30000000e-01  5.30000000e-01 -1.75833072e-03 -1.06569336e-02 
 5.40000000e-01  5.40000000e-01 -1.86561731e-03 -1.07894352e-02 
 5.50000000e-01  5.50000000e-01 -1.97411942e-03 -1.09008699e-02 
 5.60000000e-01  5.60000000e-01 -2.08363471e-03 -1.09929064e-02 
 5.70000000e-01  5.70000000e-01 -2.19397755e-03 -1.10672046e-02 
 5.80000000e-01  5.80000000e-01 -2.30497880e-03 -1.11253824e-02 
 5.90000000e-01  5.90000000e-01 -2.41648520e-03 -1.11689901e-02 
 6.00000000e-01  6.00000000e-01 -2.52835860e-03 -1.11994917e-02 
 6.10000000e-01  6.10000000e-01 -2.64047503e-03 -1.12182534e-02 
 6.20000000e-01  6.20000000e-01 -2.75272367e-03 -1.12265359e-02 
 6.30000000e-01  6.30000000e-01 -2.86500575e-03 -1.12254913e-02 
 6.40000000e-01  6.40000000e-01 -2.97723349e-03 -1.12161635e-02 
 6.50000000e-01  6.50000000e-01 -3.08932902e-03 -1.11994897e-02 
 6.60000000e-01  6.60000000e-01 -3.20122329e-03 -1.11763052e-02 
 6.70000000e-01  6.70000000e-01 -3.31285512e-03 -1.11473480e-02 
 6.80000000e-01  6.80000000e-01 -3.42417025e-03 -1.11132651e-02 
 6.90000000e-01  6.90000000e-01 -3.53512042e-03 -1.10746185e-02 
 7.00000000e-01  7.00000000e-01 -3.64566262e-03 -1.10318920e-02 
 7.10000000e-01  7.10000000e-01 -3.75575826e-03 -1.09854972e-02 
 7.20000000e-01  7.20000000e-01 -3.86537256e-03 -1.09357799e-02 
 7.30000000e-01  7.30000000e-01 -3.97447386e-03 -1.08830255e-02 
 7.40000000e-01  7.40000000e-01 -4.08303307e-03 -1.08274654e-02 
 7.50000000e-01  7.50000000e-01 -4.19102317e-03 -1.07692812e-02 
 7.60000000e-01  7.60000000e-01 -4.29841870e-03 -1.07086098e-02 
 7.70000000e-01  7.70000000e-01 -4.40519537e-03 -1.06455476e-02 
 7.80000000e-01  7.80000000e-01 -4.51132965e-03 -1.05801549e-02 
 7.90000000e-01  7.90000000e-01 -4.61679846e-03 -1.05124587e-02 
 8.00000000e-01  8.00000000e-01 -4.72157883e-03 -1.04424571e-02 
 8.10000000e-01  8.10000000e-01 -4.82564761e-03 -1.03701219e-02 
 8.20000000e-01  8.20000000e-01 -4.92898126e-03 -1.02954019e-02 
 8.30000000e-01  8.30000000e-01 -5.03155564e-03 -1.02182258e-02 
 8.40000000e-01  8.40000000e-01 -5.13334578e-03 -1.01385054e-02 
 8.50000000e-01  8.50000000e-01 -5.23432575e-03 -1.00561389e-02 
 8.60000000e-01  8.60000000e-01 -5.33446856e-03 -9.97101367e-03 
 8.70000000e-01  8.70000000e-01 -5.43374602e-03 -9.88301040e-03 
 8.80000000e-01  8.80000000e-01 -5.53212877e-03 -9.79200661e-03 
 8.90000000e-01  8.90000000e-01 -5.62958616e-03 -9.69788092e-03 
 9.00000000e-01  9.00000000e-01 -5.72608638e-03 -9.60051756e-03 
 9.10000000e-01  9.10000000e-01 -5.82159651e-03 -9.49981128e-03 
 9.20000000e-01  9.20000000e-01 -5.91608261e-03 -9.39567242e-03 
 9.30000000e-01  9.30000000e-01 -6.00950996e-03 -9.28803234e-03 
 9.40000000e-01  9.40000000e-01 -6.10184326e-03 -9.17684869e-03 
 9.50000000e-01  9.50000000e-01 -6.19304693e-03 -9.06211066e-03 
 9.60000000e-01  9.60000000e-01 -6.28308547e-03 -8.94384373e-03 
 9.70000000e-01  9.70000000e-01 -6.37192381e-03 -8.82211376e-03 
 9.80000000e-01  9.80000000e-01 -6.45952774e-03 -8.69703008e-03 
 9.90000000e-01  9.90000000e-01 -6.54586441e-03 -8.56874734e-03 
 1.00000000e+00  1.00000000e+00 -6.63090269e-03 -8.43746578e-03 
 1.01000000e+00  1.01000000e+00 -6.71461372e-03 -8.30342994e-03 
 1.02000000e+00  1.02000000e+00 -6.79697129e-03 -8.16692555e-03 
 1.03000000e+00  1.03000000e+00 -6.87795223e-03 -8.02827480e-03 
 1.04000000e+00  1.04000000e+00 -6.95753679e-03 -7.88783008e-03 
 1.05000000e+00  1.05000000e+00 -7.03570883e-03 -7.74596659e-03 
 1.06000000e+00  1.06000000e+00 -7.11245612e-03 -7.60307408e-03 
 1.07000000e+00  1.07000000e+00 -7.18777032e-03 -7.45954833e-03 
 1.08000000e+00  1.08000000e+00 -7.26164708e-03 -7.31578262e-03 
 1.09000000e+00  1.09000000e+00 -7.33408597e-03 -7.17215984e-03 
 1.10000000e+00  1.10000000e+00 -7.40509028e-03 -7.02904543e-03 
 1.11000000e+00  1.11000000e+00 -7.47466688e-03 -6.88678152e-03 
 1.12000000e+00  1.12000000e+00 -7.54282591e-03 -6.74568234e-03 
 1.13000000e+00  1.13000000e+00 -7.60958052e-03 -6.60603102e-03 
 1.14000000e+00  1.14000000e+00 -7.67494653e-03 -6.46807776e-03 
 1.15000000e+00  1.15000000e+00 -7.73894208e-03 -6.33203912e-03 
 1.16000000e+00  1.16000000e+00 -7.80158731e-03 -6.19809847e-03 
 1.17000000e+00  1.17000000e+00 -7.86290405e-03 -6.06640719e-03 
 1.18000000e+00  1.18000000e+00 -7.92291546e-03 -5.93708659e-03 
 1.19000000e+00  1.19000000e+00 -7.98164578e-03 -5.81023021e-03 
 1.20000000e+00  1.20000000e+00 -8.03912006e-03 -5.68462603e-03 
