 v-sweep         v(vdd_therm)    v(gate_therm)   id_therm        power           efficiency     
 0.00000000e+00  0.00000000e+00  0.00000000e+00  2.04141599e-24  0.00000000e+00  4.16737926e-30 
 1.00000000e-01  1.00000000e-01  0.00000000e+00 -1.92321119e-08 -1.92321119e-09 -9.99808199e-01 
 2.00000000e-01  2.00000000e-01  0.00000000e+00 -2.86530014e-08 -5.73060028e-09 -9.99856909e-01 
 3.00000000e-01  3.00000000e-01  0.00000000e+00 -4.18569391e-08 -1.25570817e-08 -9.99860556e-01 
 4.00000000e-01  4.00000000e-01  0.00000000e+00 -6.08868653e-08 -2.43547461e-08 -9.99847824e-01 
 5.00000000e-01  5.00000000e-01  0.00000000e+00 -8.83685198e-08 -4.41842599e-08 -9.99823286e-01 
 6.00000000e-01  6.00000000e-01  0.00000000e+00 -1.28025197e-07 -7.68151181e-08 -9.99786638e-01 
 7.00000000e-01  7.00000000e-01  0.00000000e+00 -1.85178387e-07 -1.29624871e-07 -9.99735467e-01 
 8.00000000e-01  8.00000000e-01  0.00000000e+00 -2.67465253e-07 -2.13972202e-07 -9.99665673e-01 
 9.00000000e-01  9.00000000e-01  0.00000000e+00 -3.85911303e-07 -3.47320173e-07 -9.99571213e-01 
 1.00000000e+00  1.00000000e+00  0.00000000e+00 -5.56543808e-07 -5.56543808e-07 -9.99443458e-01 
 1.10000000e+00  1.10000000e+00  0.00000000e+00 -8.02815794e-07 -8.83097373e-07 -9.99270169e-01 
 1.20000000e+00  1.20000000e+00  0.00000000e+00 -1.16269195e-06 -1.39523034e-06 -9.99031091e-01 
 0.00000000e+00  0.00000000e+00  1.00000000e-01  6.48864786e-12  0.00000000e+00  4.21025510e-05 
 1.00000000e-01  1.00000000e-01  1.00000000e-01 -2.99013103e-07 -2.99013103e-08 -9.97009902e-01 
 2.00000000e-01  2.00000000e-01  1.00000000e-01 -4.41900686e-07 -8.83801373e-08 -9.97790508e-01 
 3.00000000e-01  3.00000000e-01  1.00000000e-01 -6.39247789e-07 -1.91774337e-07 -9.97869179e-01 
 4.00000000e-01  4.00000000e-01  1.00000000e-01 -9.19261958e-07 -3.67704783e-07 -9.97701848e-01 
 5.00000000e-01  5.00000000e-01  1.00000000e-01 -1.31649938e-06 -6.58249691e-07 -9.97367003e-01 
 6.00000000e-01  6.00000000e-01  1.00000000e-01 -1.87803495e-06 -1.12682097e-06 -9.96869943e-01 
 7.00000000e-01  7.00000000e-01  1.00000000e-01 -2.66811882e-06 -1.86768317e-06 -9.96188402e-01 
 8.00000000e-01  8.00000000e-01  1.00000000e-01 -3.77408043e-06 -3.01926434e-06 -9.95282400e-01 
 9.00000000e-01  9.00000000e-01  1.00000000e-01 -5.31414075e-06 -4.78272667e-06 -9.94095399e-01 
 1.00000000e+00  1.00000000e+00  1.00000000e-01 -7.44751698e-06 -7.44751698e-06 -9.92552483e-01 
 1.10000000e+00  1.10000000e+00  1.00000000e-01 -1.03866839e-05 -1.14253522e-05 -9.90557560e-01 
 1.20000000e+00  1.20000000e+00  1.00000000e-01 -1.44109137e-05 -1.72930964e-05 -9.87990905e-01 
 0.00000000e+00  0.00000000e+00  2.00000000e-01  3.08002535e-11  0.00000000e+00  9.48655616e-04 
 1.00000000e-01  1.00000000e-01  2.00000000e-01 -4.15564211e-06 -4.15564211e-07 -9.58443581e-01 
 2.00000000e-01  2.00000000e-01  2.00000000e-01 -5.99269571e-06 -1.19853914e-06 -9.70036522e-01 
 3.00000000e-01  3.00000000e-01  2.00000000e-01 -8.40577723e-06 -2.52173317e-06 -9.71980743e-01 
 4.00000000e-01  4.00000000e-01  2.00000000e-01 -1.16582573e-05 -4.66330292e-06 -9.70854357e-01 
 5.00000000e-01  5.00000000e-01  2.00000000e-01 -1.60077461e-05 -8.00387307e-06 -9.67984508e-01 
 6.00000000e-01  6.00000000e-01  2.00000000e-01 -2.17503675e-05 -1.30502205e-05 -9.63749388e-01 
 7.00000000e-01  7.00000000e-01  2.00000000e-01 -2.92193650e-05 -2.04535555e-05 -9.58258050e-01 
 8.00000000e-01  8.00000000e-01  2.00000000e-01 -3.87755560e-05 -3.10204448e-05 -9.51530555e-01 
 9.00000000e-01  9.00000000e-01  2.00000000e-01 -5.07929403e-05 -4.57136463e-05 -9.43563400e-01 
 1.00000000e+00  1.00000000e+00  2.00000000e-01 -6.56402290e-05 -6.56402290e-05 -9.34359771e-01 
 1.10000000e+00  1.10000000e+00  2.00000000e-01 -8.36590990e-05 -9.20250089e-05 -9.23946274e-01 
 1.20000000e+00  1.20000000e+00  2.00000000e-01 -1.05141299e-04 -1.26169559e-04 -9.12382251e-01 
 0.00000000e+00  0.00000000e+00  3.00000000e-01  4.30124725e-11  0.00000000e+00  1.85007279e-03 
 1.00000000e-01  1.00000000e-01  3.00000000e-01 -3.88037754e-05 -3.88037754e-06 -6.11962247e-01 
 2.00000000e-01  2.00000000e-01  3.00000000e-01 -5.42974105e-05 -1.08594821e-05 -7.28512948e-01 
 3.00000000e-01  3.00000000e-01  3.00000000e-01 -7.04486260e-05 -2.11345878e-05 -7.65171247e-01 
 4.00000000e-01  4.00000000e-01  3.00000000e-01 -8.94827646e-05 -3.57931059e-05 -7.76293088e-01 
 5.00000000e-01  5.00000000e-01  3.00000000e-01 -1.11753369e-04 -5.58766846e-05 -7.76493262e-01 
 6.00000000e-01  6.00000000e-01  3.00000000e-01 -1.37391473e-04 -8.24348840e-05 -7.71014211e-01 
 7.00000000e-01  7.00000000e-01  3.00000000e-01 -1.66414060e-04 -1.16489842e-04 -7.62265628e-01 
 8.00000000e-01  8.00000000e-01  3.00000000e-01 -1.98754266e-04 -1.59003413e-04 -7.51557167e-01 
 9.00000000e-01  9.00000000e-01  3.00000000e-01 -2.34284599e-04 -2.10856139e-04 -7.39683779e-01 
 1.00000000e+00  1.00000000e+00  3.00000000e-01 -2.72838808e-04 -2.72838808e-04 -7.27161192e-01 
 1.10000000e+00  1.10000000e+00  3.00000000e-01 -3.14230812e-04 -3.45653893e-04 -7.14335625e-01 
 1.20000000e+00  1.20000000e+00  3.00000000e-01 -3.58269246e-04 -4.29923095e-04 -7.01442295e-01 
 0.00000000e+00  0.00000000e+00  4.00000000e-01  2.85331588e-11  0.00000000e+00  8.14141152e-04 
 1.00000000e-01  1.00000000e-01  4.00000000e-01 -8.69941782e-05 -8.69941782e-06 -1.30058218e-01 
 2.00000000e-01  2.00000000e-01  4.00000000e-01 -1.70500983e-04 -3.41001966e-05 -1.47495085e-01 
 3.00000000e-01  3.00000000e-01  4.00000000e-01 -2.47096496e-04 -7.41289489e-05 -1.76345012e-01 
 4.00000000e-01  4.00000000e-01  4.00000000e-01 -3.10332680e-04 -1.24133072e-04 -2.24168300e-01 
 5.00000000e-01  5.00000000e-01  4.00000000e-01 -3.62118763e-04 -1.81059381e-04 -2.75762475e-01 
 6.00000000e-01  6.00000000e-01  4.00000000e-01 -4.11465385e-04 -2.46879231e-04 -3.14224358e-01 
 7.00000000e-01  7.00000000e-01  4.00000000e-01 -4.61562134e-04 -3.23093494e-04 -3.40625522e-01 
 8.00000000e-01  8.00000000e-01  4.00000000e-01 -5.13067422e-04 -4.10453937e-04 -3.58665723e-01 
 9.00000000e-01  9.00000000e-01  4.00000000e-01 -5.66078245e-04 -5.09470421e-04 -3.71024172e-01 
 1.00000000e+00  1.00000000e+00  4.00000000e-01 -6.20546082e-04 -6.20546082e-04 -3.79453918e-01 
 1.10000000e+00  1.10000000e+00  4.00000000e-01 -6.76380156e-04 -7.44018172e-04 -3.85108949e-01 
 1.20000000e+00  1.20000000e+00  4.00000000e-01 -7.33479508e-04 -8.80175409e-04 -3.88767077e-01 
 0.00000000e+00  0.00000000e+00  5.00000000e-01  3.16509247e-11  0.00000000e+00  1.00178104e-03 
 1.00000000e-01  1.00000000e-01  5.00000000e-01 -9.47554640e-05 -9.47554640e-06 -5.24453600e-02 
 2.00000000e-01  2.00000000e-01  5.00000000e-01 -1.89241082e-04 -3.78482165e-05 -5.37945886e-02 
 3.00000000e-01  3.00000000e-01  5.00000000e-01 -2.83415748e-04 -8.50247245e-05 -5.52808385e-02 
 4.00000000e-01  4.00000000e-01  5.00000000e-01 -3.77229628e-04 -1.50891851e-04 -5.69259292e-02 
 5.00000000e-01  5.00000000e-01  5.00000000e-01 -4.70619762e-04 -2.35309881e-04 -5.87604758e-02 
 6.00000000e-01  6.00000000e-01  5.00000000e-01 -5.63504013e-04 -3.38102408e-04 -6.08266456e-02 
 7.00000000e-01  7.00000000e-01  5.00000000e-01 -6.55771748e-04 -4.59040223e-04 -6.31832176e-02 
 8.00000000e-01  8.00000000e-01  5.00000000e-01 -7.47268741e-04 -5.97814993e-04 -6.59140736e-02 
 9.00000000e-01  9.00000000e-01  5.00000000e-01 -8.37771956e-04 -7.53994760e-04 -6.91422714e-02 
 1.00000000e+00  1.00000000e+00  5.00000000e-01 -9.26947374e-04 -9.26947374e-04 -7.30526256e-02 
 1.10000000e+00  1.10000000e+00  5.00000000e-01 -1.01428492e-03 -1.11571341e-03 -7.79228037e-02 
 1.20000000e+00  1.20000000e+00  5.00000000e-01 -1.09903139e-03 -1.31883767e-03 -8.41405054e-02 
 0.00000000e+00  0.00000000e+00  6.00000000e-01  4.70396143e-11  0.00000000e+00  2.21272532e-03 
 1.00000000e-01  1.00000000e-01  6.00000000e-01 -9.64583467e-05 -9.64583467e-06 -3.54165329e-02 
 2.00000000e-01  2.00000000e-01  6.00000000e-01 -1.92839622e-04 -3.85679244e-05 -3.58018912e-02 
 3.00000000e-01  3.00000000e-01  6.00000000e-01 -2.89138974e-04 -8.67416921e-05 -3.62034213e-02 
 4.00000000e-01  4.00000000e-01  6.00000000e-01 -3.85351283e-04 -1.54140513e-04 -3.66217924e-02 
 5.00000000e-01  5.00000000e-01  6.00000000e-01 -4.81471016e-04 -2.40735508e-04 -3.70579690e-02 
 6.00000000e-01  6.00000000e-01  6.00000000e-01 -5.77492124e-04 -3.46495275e-04 -3.75131258e-02 
 7.00000000e-01  7.00000000e-01  6.00000000e-01 -6.73407948e-04 -4.71385564e-04 -3.79886455e-02 
 8.00000000e-01  8.00000000e-01  6.00000000e-01 -7.69211092e-04 -6.15368874e-04 -3.84861347e-02 
 9.00000000e-01  9.00000000e-01  6.00000000e-01 -8.64893293e-04 -7.78403963e-04 -3.90074528e-02 
 1.00000000e+00  1.00000000e+00  6.00000000e-01 -9.60445248e-04 -9.60445248e-04 -3.95547515e-02 
 1.10000000e+00  1.10000000e+00  6.00000000e-01 -1.05585642e-03 -1.16144206e-03 -4.01305286e-02 
 1.20000000e+00  1.20000000e+00  6.00000000e-01 -1.15111476e-03 -1.38133772e-03 -4.07376960e-02 
 0.00000000e+00  0.00000000e+00  7.00000000e-01  7.47094297e-11  0.00000000e+00  5.58149889e-03 
 1.00000000e-01  1.00000000e-01  7.00000000e-01 -9.70557110e-05 -9.70557110e-06 -2.94428902e-02 
 2.00000000e-01  2.00000000e-01  7.00000000e-01 -1.94073040e-04 -3.88146080e-05 -2.96347994e-02 
 3.00000000e-01  3.00000000e-01  7.00000000e-01 -2.91050528e-04 -8.73151583e-05 -2.98315740e-02 
 4.00000000e-01  4.00000000e-01  7.00000000e-01 -3.87986724e-04 -1.55194689e-04 -3.00331907e-02 
 5.00000000e-01  5.00000000e-01  7.00000000e-01 -4.84880126e-04 -2.42440063e-04 -3.02397483e-02 
 6.00000000e-01  6.00000000e-01  7.00000000e-01 -5.81729156e-04 -3.49037494e-04 -3.04514065e-02 
 7.00000000e-01  7.00000000e-01  7.00000000e-01 -6.78532154e-04 -4.74972508e-04 -3.06683514e-02 
 8.00000000e-01  8.00000000e-01  7.00000000e-01 -7.75287366e-04 -6.20229893e-04 -3.08907921e-02 
 9.00000000e-01  9.00000000e-01  7.00000000e-01 -8.71992936e-04 -7.84793643e-04 -3.11189596e-02 
 1.00000000e+00  1.00000000e+00  7.00000000e-01 -9.68646892e-04 -9.68646892e-04 -3.13531076e-02 
 1.10000000e+00  1.10000000e+00  7.00000000e-01 -1.06524714e-03 -1.17177185e-03 -3.15935134e-02 
 1.20000000e+00  1.20000000e+00  7.00000000e-01 -1.16179142e-03 -1.39414971e-03 -3.18404800e-02 
 0.00000000e+00  0.00000000e+00  8.00000000e-01  1.18438766e-10  0.00000000e+00  1.40277412e-02 
 1.00000000e-01  1.00000000e-01  8.00000000e-01 -9.73398516e-05 -9.73398516e-06 -2.66014841e-02 
 2.00000000e-01  2.00000000e-01  8.00000000e-01 -1.94655293e-04 -3.89310586e-05 -2.67235356e-02 
 3.00000000e-01  3.00000000e-01  8.00000000e-01 -2.91945596e-04 -8.75836788e-05 -2.68480134e-02 
 4.00000000e-01  4.00000000e-01  8.00000000e-01 -3.89210137e-04 -1.55684055e-04 -2.69746587e-02 
 5.00000000e-01  5.00000000e-01  8.00000000e-01 -4.86448270e-04 -2.43224135e-04 -2.71034596e-02 
 6.00000000e-01  6.00000000e-01  8.00000000e-01 -5.83659332e-04 -3.50195599e-04 -2.72344470e-02 
 7.00000000e-01  7.00000000e-01  8.00000000e-01 -6.80842633e-04 -4.76589843e-04 -2.73676676e-02 
 8.00000000e-01  8.00000000e-01  8.00000000e-01 -7.77997459e-04 -6.22397967e-04 -2.75031760e-02 
 9.00000000e-01  9.00000000e-01  8.00000000e-01 -8.75123070e-04 -7.87610763e-04 -2.76410330e-02 
 1.00000000e+00  1.00000000e+00  8.00000000e-01 -9.72218695e-04 -9.72218695e-04 -2.77813045e-02 
 1.10000000e+00  1.10000000e+00  8.00000000e-01 -1.06928353e-03 -1.17621189e-03 -2.79240614e-02 
 1.20000000e+00  1.20000000e+00  8.00000000e-01 -1.16631674e-03 -1.39958009e-03 -2.80693795e-02 
 0.00000000e+00  0.00000000e+00  9.00000000e-01  1.84246434e-10  0.00000000e+00  3.39467483e-02 
 1.00000000e-01  1.00000000e-01  9.00000000e-01 -9.75018755e-05 -9.75018755e-06 -2.49812452e-02 
 2.00000000e-01  2.00000000e-01  9.00000000e-01 -1.94986188e-04 -3.89972375e-05 -2.50690615e-02 
 3.00000000e-01  3.00000000e-01  9.00000000e-01 -2.92452421e-04 -8.77357262e-05 -2.51585973e-02 
 4.00000000e-01  4.00000000e-01  9.00000000e-01 -3.89900236e-04 -1.55960095e-04 -2.52494088e-02 
 5.00000000e-01  5.00000000e-01  9.00000000e-01 -4.87329288e-04 -2.43664644e-04 -2.53414242e-02 
 6.00000000e-01  6.00000000e-01  9.00000000e-01 -5.84739219e-04 -3.50843532e-04 -2.54346344e-02 
 7.00000000e-01  7.00000000e-01  9.00000000e-01 -6.82129666e-04 -4.77490766e-04 -2.55290490e-02 
 8.00000000e-01  8.00000000e-01  9.00000000e-01 -7.79500252e-04 -6.23600201e-04 -2.56246852e-02 
 9.00000000e-01  9.00000000e-01  9.00000000e-01 -8.76850592e-04 -7.89165533e-04 -2.57215644e-02 
 1.00000000e+00  1.00000000e+00  9.00000000e-01 -9.74180289e-04 -9.74180289e-04 -2.58197109e-02 
 1.10000000e+00  1.10000000e+00  9.00000000e-01 -1.07148893e-03 -1.17863783e-03 -2.59191510e-02 
 1.20000000e+00  1.20000000e+00  9.00000000e-01 -1.16877610e-03 -1.40253133e-03 -2.60199127e-02 
 0.00000000e+00  0.00000000e+00  1.00000000e+00  2.80672487e-10  0.00000000e+00  7.87770452e-02 
 1.00000000e-01  1.00000000e-01  1.00000000e+00 -9.76048418e-05 -9.76048418e-06 -2.39515822e-02 
 2.00000000e-01  2.00000000e-01  1.00000000e+00 -1.95196136e-04 -3.90392273e-05 -2.40193176e-02 
 3.00000000e-01  3.00000000e-01  1.00000000e+00 -2.92773397e-04 -8.78320192e-05 -2.40886751e-02 
 4.00000000e-01  4.00000000e-01  1.00000000e+00 -3.90336415e-04 -1.56134566e-04 -2.41589621e-02 
 5.00000000e-01  5.00000000e-01  1.00000000e+00 -4.87884976e-04 -2.43942488e-04 -2.42300490e-02 
 6.00000000e-01  6.00000000e-01  1.00000000e+00 -5.85418860e-04 -3.51251316e-04 -2.43019000e-02 
 7.00000000e-01  7.00000000e-01  1.00000000e+00 -6.82937845e-04 -4.78056492e-04 -2.43745068e-02 
 8.00000000e-01  8.00000000e-01  1.00000000e+00 -7.80441703e-04 -6.24353363e-04 -2.44478711e-02 
 9.00000000e-01  9.00000000e-01  1.00000000e+00 -8.77930200e-04 -7.90137180e-04 -2.45219999e-02 
 1.00000000e+00  1.00000000e+00  1.00000000e+00 -9.75403097e-04 -9.75403097e-04 -2.45969028e-02 
 1.10000000e+00  1.10000000e+00  1.00000000e+00 -1.07286015e-03 -1.18014616e-03 -2.46725910e-02 
 1.20000000e+00  1.20000000e+00  1.00000000e+00 -1.17030111e-03 -1.40436133e-03 -2.47490770e-02 
 0.00000000e+00  0.00000000e+00  1.10000000e+00  4.19384959e-10  0.00000000e+00  1.75883744e-01 
 1.00000000e-01  1.00000000e-01  1.10000000e+00 -9.76748585e-05 -9.76748585e-06 -2.32514146e-02 
 2.00000000e-01  2.00000000e-01  1.10000000e+00 -1.95338831e-04 -3.90677663e-05 -2.33058429e-02 
 3.00000000e-01  3.00000000e-01  1.10000000e+00 -2.92991360e-04 -8.78974079e-05 -2.33621348e-02 
 4.00000000e-01  4.00000000e-01  1.10000000e+00 -3.90632301e-04 -1.56252920e-04 -2.34192472e-02 
 5.00000000e-01  5.00000000e-01  1.10000000e+00 -4.88261512e-04 -2.44130756e-04 -2.34769769e-02 
 6.00000000e-01  6.00000000e-01  1.10000000e+00 -5.85878844e-04 -3.51527306e-04 -2.35352604e-02 
 7.00000000e-01  7.00000000e-01  1.10000000e+00 -6.83484148e-04 -4.78438904e-04 -2.35940745e-02 
 8.00000000e-01  8.00000000e-01  1.10000000e+00 -7.81077271e-04 -6.24861817e-04 -2.36534110e-02 
 9.00000000e-01  9.00000000e-01  1.10000000e+00 -8.78658058e-04 -7.90792252e-04 -2.37132687e-02 
 1.00000000e+00  1.00000000e+00  1.10000000e+00 -9.76226350e-04 -9.76226350e-04 -2.37736498e-02 
 1.10000000e+00  1.10000000e+00  1.10000000e+00 -1.07378199e-03 -1.18116018e-03 -2.38345587e-02 
 1.20000000e+00  1.20000000e+00  1.10000000e+00 -1.17132480e-03 -1.40558976e-03 -2.38960011e-02 
 0.00000000e+00  0.00000000e+00  1.20000000e+00  6.16089635e-10  0.00000000e+00  3.79566439e-01 
 1.00000000e-01  1.00000000e-01  1.20000000e+00 -9.77246112e-05 -9.77246112e-06 -2.27538879e-02 
 2.00000000e-01  2.00000000e-01  1.20000000e+00 -1.95440280e-04 -3.90880560e-05 -2.27986000e-02 
 3.00000000e-01  3.00000000e-01  1.20000000e+00 -2.93146289e-04 -8.79438868e-05 -2.28457018e-02 
 4.00000000e-01  4.00000000e-01  1.20000000e+00 -3.90842537e-04 -1.56337015e-04 -2.28936568e-02 
 5.00000000e-01  5.00000000e-01  1.20000000e+00 -4.88528919e-04 -2.44264460e-04 -2.29421610e-02 
 6.00000000e-01  6.00000000e-01  1.20000000e+00 -5.86205330e-04 -3.51723198e-04 -2.29911159e-02 
 7.00000000e-01  7.00000000e-01  1.20000000e+00 -6.83871663e-04 -4.78710164e-04 -2.30404815e-02 
 8.00000000e-01  8.00000000e-01  1.20000000e+00 -7.81527808e-04 -6.25222246e-04 -2.30902404e-02 
 9.00000000e-01  9.00000000e-01  1.20000000e+00 -8.79173654e-04 -7.91256288e-04 -2.31403846e-02 
 1.00000000e+00  1.00000000e+00  1.20000000e+00 -9.76809089e-04 -9.76809089e-04 -2.31909113e-02 
 1.10000000e+00  1.10000000e+00  1.20000000e+00 -1.07443400e-03 -1.18187740e-03 -2.32418205e-02 
 1.20000000e+00  1.20000000e+00  1.20000000e+00 -1.17204826e-03 -1.40645792e-03 -2.32931139e-02 
