v(drain_bias) v(gate_bias) id_bias ig_bias is_bias ib_bias
0 0 9.17754E-39 3.99202E-39 1.00957E-39 -1.41791E-38
0 0.6 1.34223E-09 -2.68905E-09 1.34223E-09 4.59495E-12
0 1.2 2.71402E-08 -1.34285E-07 2.71402E-08 8.00048E-08
0.6 0 -1.28086E-07 8.64989E-10 1.27221E-07 1.11177E-14
0.6 0.6 -0.0039076 -1.95964E-09 0.0039076 2.52233E-11
0.6 1.2 -0.0131031 -2.1159E-07 0.0131031 1.71068E-07
1.2 0 -1.16789E-06 1.33852E-08 1.15074E-06 3.75992E-09
1.2 0.6 -0.00558224 -1.26758E-09 0.00558224 1.61269E-09
1.2 1.2 -0.0153382 -3.7343E-07 0.0153382 3.30469E-07
