Title: * mosfet noise analysis simulation
Date: Tue May 13 15:15:23  2025
Plotname: Noise Spectral Density Curves
Flags: real
No. Variables: 3
No. Points: 181
Variables:
	0	frequency	frequency grid=3
	1	freq	frequency
	2	shot_noise	voltage-density
Values:
 0	1.000000000000000e+00
	1.000000000000000e+00
	1.356418337268548e-08

 1	1.122018454301963e+00
	1.122018454301963e+00
	1.356411404964623e-08

 2	1.258925411794167e+00
	1.258925411794167e+00
	1.356402677862179e-08

 3	1.412537544622754e+00
	1.412537544622754e+00
	1.356391691330658e-08

 4	1.584893192461113e+00
	1.584893192461113e+00
	1.356377860486530e-08

 5	1.778279410038922e+00
	1.778279410038922e+00
	1.356360449086973e-08

 6	1.995262314968879e+00
	1.995262314968879e+00
	1.356338530386996e-08

 7	2.238721138568339e+00
	2.238721138568339e+00
	1.356310937889484e-08

 8	2.511886431509579e+00
	2.511886431509579e+00
	1.356276203387530e-08

 9	2.818382931264452e+00
	2.818382931264452e+00
	1.356232479034630e-08

 10	3.162277660168377e+00
	3.162277660168377e+00
	1.356177439348188e-08

 11	3.548133892335751e+00
	3.548133892335751e+00
	1.356108158015529e-08

 12	3.981071705534969e+00
	3.981071705534969e+00
	1.356020953081047e-08

 13	4.466835921509626e+00
	4.466835921509626e+00
	1.355911192490344e-08

 14	5.011872336272718e+00
	5.011872336272718e+00
	1.355773049984327e-08

 15	5.623413251903484e+00
	5.623413251903484e+00
	1.355599198894850e-08

 16	6.309573444801925e+00
	6.309573444801925e+00
	1.355380428406522e-08

 17	7.079457843841370e+00
	7.079457843841370e+00
	1.355105163225316e-08

 18	7.943282347242804e+00
	7.943282347242804e+00
	1.354758863246423e-08

 19	8.912509381337442e+00
	8.912509381337442e+00
	1.354323274675528e-08

 20	9.999999999999984e+00
	9.999999999999984e+00
	1.353775498113830e-08

 21	1.122018454301961e+01
	1.122018454301961e+01
	1.353086832451661e-08

 22	1.258925411794165e+01
	1.258925411794165e+01
	1.352221346291227e-08

 23	1.412537544622752e+01
	1.412537544622752e+01
	1.351134121602267e-08

 24	1.584893192461110e+01
	1.584893192461110e+01
	1.349769108465545e-08

 25	1.778279410038919e+01
	1.778279410038919e+01
	1.348056526913590e-08

 26	1.995262314968875e+01
	1.995262314968875e+01
	1.345909755044487e-08

 27	2.238721138568335e+01
	2.238721138568335e+01
	1.343221656478046e-08

 28	2.511886431509575e+01
	2.511886431509575e+01
	1.339860331920469e-08

 29	2.818382931264447e+01
	2.818382931264447e+01
	1.335664339222671e-08

 30	3.162277660168372e+01
	3.162277660168372e+01
	1.330437527473994e-08

 31	3.548133892335746e+01
	3.548133892335746e+01
	1.323943790143625e-08

 32	3.981071705534962e+01
	3.981071705534962e+01
	1.315902277844173e-08

 33	4.466835921509619e+01
	4.466835921509619e+01
	1.305983936053124e-08

 34	5.011872336272709e+01
	5.011872336272709e+01
	1.293810644088873e-08

 35	5.623413251903474e+01
	5.623413251903474e+01
	1.278958690408192e-08

 36	6.309573444801914e+01
	6.309573444801914e+01
	1.260968725259938e-08

 37	7.079457843841358e+01
	7.079457843841358e+01
	1.239364494724575e-08

 38	7.943282347242791e+01
	7.943282347242791e+01
	1.213682292395402e-08

 39	8.912509381337428e+01
	8.912509381337428e+01
	1.183511827973503e-08

 40	9.999999999999969e+01
	9.999999999999969e+01
	1.148546860360443e-08

 41	1.122018454301960e+02
	1.122018454301960e+02
	1.108640574013326e-08

 42	1.258925411794163e+02
	1.258925411794163e+02
	1.063857003756257e-08

 43	1.412537544622750e+02
	1.412537544622750e+02
	1.014507235966006e-08

 44	1.584893192461108e+02
	1.584893192461108e+02
	9.611593293907828e-09

 45	1.778279410038917e+02
	1.778279410038917e+02
	9.046149842306323e-09

 46	1.995262314968873e+02
	1.995262314968873e+02
	8.458534062860332e-09

 47	2.238721138568332e+02
	2.238721138568332e+02
	7.859511558003452e-09

 48	2.511886431509571e+02
	2.511886431509571e+02
	7.259927637206297e-09

 49	2.818382931264443e+02
	2.818382931264443e+02
	6.669881924594273e-09

 50	3.162277660168368e+02
	3.162277660168368e+02
	6.098096939104758e-09

 51	3.548133892335741e+02
	3.548133892335741e+02
	5.551542457948796e-09

 52	3.981071705534957e+02
	3.981071705534957e+02
	5.035312516055778e-09

 53	4.466835921509614e+02
	4.466835921509614e+02
	4.552706010295913e-09

 54	5.011872336272703e+02
	5.011872336272703e+02
	4.105441947895112e-09

 55	5.623413251903468e+02
	5.623413251903468e+02
	3.693942118964979e-09

 56	6.309573444801906e+02
	6.309573444801906e+02
	3.317628209805116e-09

 57	7.079457843841349e+02
	7.079457843841349e+02
	2.975198449240900e-09

 58	7.943282347242780e+02
	7.943282347242780e+02
	2.664865189063153e-09

 59	8.912509381337416e+02
	8.912509381337416e+02
	2.384546933743965e-09

 60	9.999999999999955e+02
	9.999999999999955e+02
	2.132016009359436e-09

 61	1.122018454301958e+03
	1.122018454301958e+03
	1.905007124147884e-09

 62	1.258925411794161e+03
	1.258925411794161e+03
	1.701293637046727e-09

 63	1.412537544622747e+03
	1.412537544622747e+03
	1.518738408171684e-09

 64	1.584893192461106e+03
	1.584893192461106e+03
	1.355325387449626e-09

 65	1.778279410038914e+03
	1.778279410038914e+03
	1.209177076793471e-09

 66	1.995262314968869e+03
	1.995262314968869e+03
	1.078561948428546e-09

 67	2.238721138568328e+03
	2.238721138568328e+03
	9.618949520849089e-10

 68	2.511886431509567e+03
	2.511886431509567e+03
	8.577334485749645e-10

 69	2.818382931264438e+03
	2.818382931264438e+03
	7.647702730021228e-10

 70	3.162277660168362e+03
	3.162277660168362e+03
	6.818251418352852e-10

 71	3.548133892335735e+03
	3.548133892335735e+03
	6.078352505545565e-10

 72	3.981071705534950e+03
	3.981071705534950e+03
	5.418456378898848e-10

 73	4.466835921509605e+03
	4.466835921509605e+03
	4.829996967103569e-10

 74	5.011872336272693e+03
	5.011872336272693e+03
	4.305300719512630e-10

 75	5.623413251903457e+03
	5.623413251903457e+03
	3.837500879418737e-10

 76	6.309573444801895e+03
	6.309573444801895e+03
	3.420457798359185e-10

 77	7.079457843841336e+03
	7.079457843841336e+03
	3.048685580493731e-10

 78	7.943282347242766e+03
	7.943282347242766e+03
	2.717285043798142e-10

 79	8.912509381337401e+03
	8.912509381337401e+03
	2.421882792140151e-10

 80	9.999999999999938e+03
	9.999999999999938e+03
	2.158576075942560e-10

 81	1.122018454301956e+04
	1.122018454301956e+04
	1.923883055202677e-10

 82	1.258925411794159e+04
	1.258925411794159e+04
	1.714698050138974e-10

 83	1.412537544622745e+04
	1.412537544622745e+04
	1.528251359687259e-10

 84	1.584893192461103e+04
	1.584893192461103e+04
	1.362073238080714e-10

 85	1.778279410038911e+04
	1.778279410038911e+04
	1.213961639003736e-10

 86	1.995262314968866e+04
	1.995262314968866e+04
	1.081953361318981e-10

 87	2.238721138568325e+04
	2.238721138568325e+04
	9.642982574317678e-11

 88	2.511886431509563e+04
	2.511886431509563e+04
	8.594361931840018e-11

 89	2.818382931264435e+04
	2.818382931264435e+04
	7.659764756013085e-11

 90	3.162277660168357e+04
	3.162277660168357e+04
	6.826794911307426e-11

 91	3.548133892335730e+04
	3.548133892335730e+04
	6.084403217807489e-11

 92	3.981071705534944e+04
	3.981071705534944e+04
	5.422741295924233e-11

 93	4.466835921509599e+04
	4.466835921509599e+04
	4.833031210494094e-11

 94	5.011872336272686e+04
	5.011872336272686e+04
	4.307449223794236e-11

 95	5.623413251903449e+04
	5.623413251903449e+04
	3.839022142754685e-11

 96	6.309573444801885e+04
	6.309573444801885e+04
	3.421534904646261e-11

 97	7.079457843841326e+04
	7.079457843841326e+04
	3.049448188902107e-11

 98	7.943282347242754e+04
	7.943282347242754e+04
	2.717824971700940e-11

 99	8.912509381337385e+04
	8.912509381337385e+04
	2.422265055723195e-11

 100	9.999999999999920e+04
	9.999999999999920e+04
	2.158846711276540e-11

 101	1.122018454301954e+05
	1.122018454301954e+05
	1.924074657906124e-11

 102	1.258925411794157e+05
	1.258925411794157e+05
	1.714833698716600e-11

 103	1.412537544622743e+05
	1.412537544622743e+05
	1.528347393916865e-11

 104	1.584893192461100e+05
	1.584893192461100e+05
	1.362141226453308e-11

 105	1.778279410038908e+05
	1.778279410038908e+05
	1.214009771841660e-11

 106	1.995262314968862e+05
	1.995262314968862e+05
	1.081987437183923e-11

 107	2.238721138568320e+05
	2.238721138568320e+05
	9.643223815358550e-12

 108	2.511886431509558e+05
	2.511886431509558e+05
	8.594532718762953e-12

 109	2.818382931264429e+05
	2.818382931264429e+05
	7.659885664651754e-12

 110	3.162277660168351e+05
	3.162277660168351e+05
	6.826880508494101e-12

 111	3.548133892335723e+05
	3.548133892335723e+05
	6.084463816214517e-12

 112	3.981071705534937e+05
	3.981071705534937e+05
	5.422784196445990e-12

 113	4.466835921509591e+05
	4.466835921509591e+05
	4.833061581813783e-12

 114	5.011872336272677e+05
	5.011872336272677e+05
	4.307470725085106e-12

 115	5.623413251903439e+05
	5.623413251903439e+05
	3.839037364527508e-12

 116	6.309573444801874e+05
	6.309573444801874e+05
	3.421545680850373e-12

 117	7.079457843841313e+05
	7.079457843841313e+05
	3.049455817878797e-12

 118	7.943282347242740e+05
	7.943282347242740e+05
	2.717830372608037e-12

 119	8.912509381337371e+05
	8.912509381337371e+05
	2.422268879276072e-12

 120	9.999999999999905e+05
	9.999999999999905e+05
	2.158849418147231e-12

 121	1.122018454301953e+06
	1.122018454301953e+06
	1.924076574225928e-12

 122	1.258925411794155e+06
	1.258925411794155e+06
	1.714835055369070e-12

 123	1.412537544622740e+06
	1.412537544622740e+06
	1.528348354355203e-12

 124	1.584893192461098e+06
	1.584893192461098e+06
	1.362141906393626e-12

 125	1.778279410038905e+06
	1.778279410038905e+06
	1.214010253204761e-12

 126	1.995262314968860e+06
	1.995262314968860e+06
	1.081987777965348e-12

 127	2.238721138568317e+06
	2.238721138568317e+06
	9.643226227933503e-13

 128	2.511886431509554e+06
	2.511886431509554e+06
	8.594534426765629e-13

 129	2.818382931264425e+06
	2.818382931264425e+06
	7.659886873859091e-13

 130	3.162277660168346e+06
	3.162277660168346e+06
	6.826881364585489e-13

 131	3.548133892335718e+06
	3.548133892335718e+06
	6.084464422323593e-13

 132	3.981071705534931e+06
	3.981071705534931e+06
	5.422784625586345e-13

 133	4.466835921509584e+06
	4.466835921509584e+06
	4.833061885675728e-13

 134	5.011872336272670e+06
	5.011872336272670e+06
	4.307470940263294e-13

 135	5.623413251903431e+06
	5.623413251903431e+06
	3.839037516929770e-13

 136	6.309573444801864e+06
	6.309573444801864e+06
	3.421545788818951e-13

 137	7.079457843841302e+06
	7.079457843841302e+06
	3.049455894400014e-13

 138	7.943282347242728e+06
	7.943282347242728e+06
	2.717830426876636e-13

 139	8.912509381337358e+06
	8.912509381337358e+06
	2.422268917802705e-13

 140	9.999999999999890e+06
	9.999999999999890e+06
	2.158849445542509e-13

 141	1.122018454301951e+07
	1.122018454301951e+07
	1.924076593755515e-13

 142	1.258925411794153e+07
	1.258925411794153e+07
	1.714835069346673e-13

 143	1.412537544622738e+07
	1.412537544622738e+07
	1.528348364420815e-13

 144	1.584893192461096e+07
	1.584893192461096e+07
	1.362141913710531e-13

 145	1.778279410038903e+07
	1.778279410038903e+07
	1.214010258599035e-13

 146	1.995262314968857e+07
	1.995262314968857e+07
	1.081987782024653e-13

 147	2.238721138568314e+07
	2.238721138568314e+07
	9.643226259369081e-14

 148	2.511886431509551e+07
	2.511886431509551e+07
	8.594534452047408e-14

 149	2.818382931264421e+07
	2.818382931264421e+07
	7.659886895153673e-14

 150	3.162277660168342e+07
	3.162277660168342e+07
	6.826881383471786e-14

 151	3.548133892335713e+07
	3.548133892335713e+07
	6.084464439969951e-14

 152	3.981071705534925e+07
	3.981071705534925e+07
	5.422784642876631e-14

 153	4.466835921509578e+07
	4.466835921509578e+07
	4.833061903299332e-14

 154	5.011872336272663e+07
	5.011872336272663e+07
	4.307470958779693e-14

 155	5.623413251903423e+07
	5.623413251903423e+07
	3.839037536815195e-14

 156	6.309573444801856e+07
	6.309573444801856e+07
	3.421545810500467e-14

 157	7.079457843841292e+07
	7.079457843841292e+07
	3.049455918280859e-14

 158	7.943282347242716e+07
	7.943282347242716e+07
	2.717830453355488e-14

 159	8.912509381337343e+07
	8.912509381337343e+07
	2.422268947288828e-14

 160	9.999999999999873e+07
	9.999999999999873e+07
	2.158849478468159e-14

 161	1.122018454301949e+08
	1.122018454301949e+08
	1.924076630586617e-14

 162	1.258925411794151e+08
	1.258925411794151e+08
	1.714835110592498e-14

 163	1.412537544622736e+08
	1.412537544622736e+08
	1.528348410643216e-14

 164	1.584893192461093e+08
	1.584893192461093e+08
	1.362141965533147e-14

 165	1.778279410038899e+08
	1.778279410038899e+08
	1.214010316716811e-14

 166	1.995262314968853e+08
	1.995262314968853e+08
	1.081987847213937e-14

 167	2.238721138568310e+08
	2.238721138568310e+08
	9.643226990663759e-15

 168	2.511886431509547e+08
	2.511886431509547e+08
	8.594535272473616e-15

 169	2.818382931264416e+08
	2.818382931264416e+08
	7.659887815616275e-15

 170	3.162277660168337e+08
	3.162277660168337e+08
	6.826882416197711e-15

 171	3.548133892335706e+08
	3.548133892335706e+08
	6.084465598672001e-15

 172	3.981071705534918e+08
	3.981071705534918e+08
	5.422785942936553e-15

 173	4.466835921509570e+08
	4.466835921509570e+08
	4.833063361972693e-15

 174	5.011872336272654e+08
	5.011872336272654e+08
	4.307472595425415e-15

 175	5.623413251903414e+08
	5.623413251903414e+08
	3.839039373152804e-15

 176	6.309573444801846e+08
	6.309573444801846e+08
	3.421547870898584e-15

 177	7.079457843841281e+08
	7.079457843841281e+08
	3.049458230080730e-15

 178	7.943282347242705e+08
	7.943282347242705e+08
	2.717833047233917e-15

 179	8.912509381337330e+08
	8.912509381337330e+08
	2.422271857665307e-15

 180	9.999999999999859e+08
	9.999999999999859e+08
	2.158852743961638e-15

